Dynamical matrix file
                                                                           
  1    2  2 10.1822800  0.0000000  0.0000000  0.0000000  0.0000000  0.0000000
           1  'Si  '    25598.3672624059     
    1    1      0.0000000000      0.0000000000      0.0000000000
    2    1     -0.2500000000      0.2500000000      0.2500000000

     Dynamical  Matrix in cartesian axes

     q = (    0.666666667  -0.333333333   1.000000000 ) 

    1    1
  0.25656967  0.00000000   -0.00716104  0.00000000   -0.00000000 -0.00162278
 -0.00716104  0.00000000    0.30062553  0.00000000   -0.00000000  0.01413915
 -0.00000000  0.00162278   -0.00000000 -0.01413915    0.27046829  0.00000000
    1    2
  0.00000000  0.10721192    0.00000000  0.07954881    0.14598678 -0.00000000
  0.00000000  0.07907871    0.00000000  0.11375514   -0.04711201  0.00000000
  0.14605953 -0.00000000   -0.04765374 -0.00000000    0.00000000  0.11613016
    2    1
  0.00000000 -0.10721192   -0.00000000 -0.07907871    0.14605953  0.00000000
 -0.00000000 -0.07954881   -0.00000000 -0.11375514   -0.04765374 -0.00000000
  0.14598678  0.00000000   -0.04711201 -0.00000000    0.00000000 -0.11613016
    2    2
  0.25620283  0.00000000   -0.00775538  0.00000000    0.00000000  0.00112839
 -0.00775538  0.00000000    0.30044590  0.00000000    0.00000000 -0.01456074
 -0.00000000 -0.00112839   -0.00000000  0.01456074    0.26989155  0.00000000

     Dynamical  Matrix in cartesian axes

     q = (    1.000000000  -0.333333333   0.666666667 ) 

    1    1
  0.27046829  0.00000000   -0.00000000 -0.01413915   -0.00000000  0.00162278
 -0.00000000  0.01413915    0.30062553  0.00000000   -0.00716104  0.00000000
 -0.00000000 -0.00162278   -0.00716104  0.00000000    0.25656967 -0.00000000
    1    2
 -0.10057167  0.05806508   -0.02382687 -0.04126935    0.07302976  0.12649126
 -0.02355601 -0.04080020   -0.09851484  0.05687757   -0.06848417  0.03953935
  0.07299339  0.12642826   -0.06889129  0.03977441   -0.09284825  0.05360596
    2    1
 -0.10057167 -0.05806508   -0.02355601  0.04080020    0.07299339 -0.12642826
 -0.02382687  0.04126935   -0.09851484 -0.05687757   -0.06889129 -0.03977441
  0.07302976 -0.12649126   -0.06848417 -0.03953935   -0.09284825 -0.05360596
    2    2
  0.26989155  0.00000000   -0.00000000  0.01456074    0.00000000 -0.00112839
  0.00000000 -0.01456074    0.30044590  0.00000000   -0.00775538  0.00000000
  0.00000000  0.00112839   -0.00775538  0.00000000    0.25620283  0.00000000

     Dynamical  Matrix in cartesian axes

     q = (   -0.666666667  -0.333333333  -1.000000000 ) 

    1    1
  0.25656967 -0.00000000    0.00716104  0.00000000   -0.00000000 -0.00162278
  0.00716104 -0.00000000    0.30062553  0.00000000    0.00000000 -0.01413915
 -0.00000000  0.00162278    0.00000000  0.01413915    0.27046829  0.00000000
    1    2
 -0.09284825  0.05360596    0.06889129 -0.03977441    0.07299339  0.12642826
  0.06848417 -0.03953935   -0.09851484  0.05687757    0.02355601  0.04080020
  0.07302976  0.12649126    0.02382687  0.04126935   -0.10057167  0.05806508
    2    1
 -0.09284825 -0.05360596    0.06848417  0.03953935    0.07302976 -0.12649126
  0.06889129  0.03977441   -0.09851484 -0.05687757    0.02382687 -0.04126935
  0.07299339 -0.12642826    0.02355601 -0.04080020   -0.10057167 -0.05806508
    2    2
  0.25620283  0.00000000    0.00775538  0.00000000    0.00000000  0.00112839
  0.00775538  0.00000000    0.30044590  0.00000000    0.00000000  0.01456074
 -0.00000000 -0.00112839    0.00000000 -0.01456074    0.26989155  0.00000000

     Dynamical  Matrix in cartesian axes

     q = (   -1.000000000  -0.333333333  -0.666666667 ) 

    1    1
  0.27046829  0.00000000    0.00000000  0.01413915   -0.00000000  0.00162278
  0.00000000 -0.01413915    0.30062553  0.00000000    0.00716104 -0.00000000
 -0.00000000 -0.00162278    0.00716104 -0.00000000    0.25656967  0.00000000
    1    2
  0.00000000  0.11613016    0.04765374  0.00000000    0.14605953 -0.00000000
  0.04711201 -0.00000000    0.00000000  0.11375514   -0.00000000 -0.07907871
  0.14598678 -0.00000000   -0.00000000 -0.07954881    0.00000000  0.10721192
    2    1
  0.00000000 -0.11613016    0.04711201  0.00000000    0.14598678  0.00000000
  0.04765374  0.00000000   -0.00000000 -0.11375514    0.00000000  0.07954881
  0.14605953  0.00000000    0.00000000  0.07907871    0.00000000 -0.10721192
    2    2
  0.26989155  0.00000000    0.00000000 -0.01456074   -0.00000000 -0.00112839
  0.00000000  0.01456074    0.30044590  0.00000000    0.00775538  0.00000000
  0.00000000  0.00112839    0.00775538  0.00000000    0.25620283  0.00000000

     Dynamical  Matrix in cartesian axes

     q = (   -1.000000000   0.333333333   0.666666667 ) 

    1    1
  0.27046829  0.00000000   -0.00000000 -0.01413915    0.00000000 -0.00162278
 -0.00000000  0.01413915    0.30062553  0.00000000    0.00716104 -0.00000000
  0.00000000  0.00162278    0.00716104 -0.00000000    0.25656967  0.00000000
    1    2
 -0.00000000 -0.11613016    0.04765374  0.00000000    0.14605953  0.00000000
  0.04711201 -0.00000000    0.00000000 -0.11375514    0.00000000  0.07907871
  0.14598678  0.00000000   -0.00000000  0.07954881    0.00000000 -0.10721192
    2    1
  0.00000000  0.11613016    0.04711201  0.00000000    0.14598678 -0.00000000
  0.04765374  0.00000000    0.00000000  0.11375514   -0.00000000 -0.07954881
  0.14605953 -0.00000000   -0.00000000 -0.07907871    0.00000000  0.10721192
    2    2
  0.26989155  0.00000000   -0.00000000  0.01456074    0.00000000  0.00112839
 -0.00000000 -0.01456074    0.30044590  0.00000000    0.00775538  0.00000000
  0.00000000 -0.00112839    0.00775538  0.00000000    0.25620283  0.00000000

     Dynamical  Matrix in cartesian axes

     q = (    1.000000000   0.333333333  -0.666666667 ) 

    1    1
  0.27046829  0.00000000    0.00000000  0.01413915    0.00000000 -0.00162278
  0.00000000 -0.01413915    0.30062553  0.00000000   -0.00716104 -0.00000000
  0.00000000  0.00162278   -0.00716104  0.00000000    0.25656967 -0.00000000
    1    2
 -0.10057167 -0.05806508   -0.02382687  0.04126935    0.07302976 -0.12649126
 -0.02355601  0.04080020   -0.09851484 -0.05687757   -0.06848417 -0.03953935
  0.07299339 -0.12642826   -0.06889129 -0.03977441   -0.09284825 -0.05360596
    2    1
 -0.10057167  0.05806508   -0.02355601 -0.04080020    0.07299339  0.12642826
 -0.02382687 -0.04126935   -0.09851484  0.05687757   -0.06889129  0.03977441
  0.07302976  0.12649126   -0.06848417  0.03953935   -0.09284825  0.05360596
    2    2
  0.26989155  0.00000000    0.00000000 -0.01456074    0.00000000  0.00112839
  0.00000000  0.01456074    0.30044590  0.00000000   -0.00775538  0.00000000
  0.00000000 -0.00112839   -0.00775538  0.00000000    0.25620283  0.00000000

     Dynamical  Matrix in cartesian axes

     q = (   -0.666666667   0.333333333   1.000000000 ) 

    1    1
  0.25656967  0.00000000   -0.00716104  0.00000000    0.00000000  0.00162278
 -0.00716104  0.00000000    0.30062553  0.00000000    0.00000000 -0.01413915
  0.00000000 -0.00162278    0.00000000  0.01413915    0.27046829  0.00000000
    1    2
  0.00000000 -0.10721192    0.00000000 -0.07954881    0.14598678  0.00000000
 -0.00000000 -0.07907871    0.00000000 -0.11375514   -0.04711201 -0.00000000
  0.14605953  0.00000000   -0.04765374 -0.00000000    0.00000000 -0.11613016
    2    1
  0.00000000  0.10721192    0.00000000  0.07907871    0.14605953 -0.00000000
  0.00000000  0.07954881    0.00000000  0.11375514   -0.04765374 -0.00000000
  0.14598678 -0.00000000   -0.04711201 -0.00000000   -0.00000000  0.11613016
    2    2
  0.25620283  0.00000000   -0.00775538  0.00000000    0.00000000 -0.00112839
 -0.00775538  0.00000000    0.30044590  0.00000000    0.00000000  0.01456074
  0.00000000  0.00112839    0.00000000 -0.01456074    0.26989155  0.00000000

     Dynamical  Matrix in cartesian axes

     q = (    0.666666667   0.333333333  -1.000000000 ) 

    1    1
  0.25656967 -0.00000000    0.00716104 -0.00000000    0.00000000  0.00162278
  0.00716104 -0.00000000    0.30062553  0.00000000   -0.00000000  0.01413915
  0.00000000 -0.00162278   -0.00000000 -0.01413915    0.27046829  0.00000000
    1    2
 -0.09284825 -0.05360596    0.06889129  0.03977441    0.07299339 -0.12642826
  0.06848417  0.03953935   -0.09851484 -0.05687757    0.02355601 -0.04080020
  0.07302976 -0.12649126    0.02382687 -0.04126935   -0.10057167 -0.05806508
    2    1
 -0.09284825  0.05360596    0.06848417 -0.03953935    0.07302976  0.12649126
  0.06889129 -0.03977441   -0.09851484  0.05687757    0.02382687  0.04126935
  0.07299339  0.12642826    0.02355601  0.04080020   -0.10057167  0.05806508
    2    2
  0.25620283  0.00000000    0.00775538  0.00000000    0.00000000 -0.00112839
  0.00775538  0.00000000    0.30044590  0.00000000    0.00000000 -0.01456074
  0.00000000  0.00112839   -0.00000000  0.01456074    0.26989155  0.00000000

     Dynamical  Matrix in cartesian axes

     q = (    1.000000000   0.666666667  -0.333333333 ) 

    1    1
  0.27046829  0.00000000   -0.00000000  0.00162278   -0.00000000 -0.01413915
 -0.00000000 -0.00162278    0.25656967 -0.00000000   -0.00716104 -0.00000000
 -0.00000000  0.01413915   -0.00716104  0.00000000    0.30062553  0.00000000
    1    2
 -0.10057167  0.05806508    0.07302976  0.12649126   -0.02382687 -0.04126935
  0.07299339  0.12642826   -0.09284825  0.05360596   -0.06889129  0.03977441
 -0.02355601 -0.04080020   -0.06848417  0.03953935   -0.09851484  0.05687757
    2    1
 -0.10057167 -0.05806508    0.07299339 -0.12642826   -0.02355601  0.04080020
  0.07302976 -0.12649126   -0.09284825 -0.05360596   -0.06848417 -0.03953935
 -0.02382687  0.04126935   -0.06889129 -0.03977441   -0.09851484 -0.05687757
    2    2
  0.26989155  0.00000000   -0.00000000 -0.00112839   -0.00000000  0.01456074
  0.00000000  0.00112839    0.25620283  0.00000000   -0.00775538  0.00000000
 -0.00000000 -0.01456074   -0.00775538  0.00000000    0.30044590  0.00000000

     Dynamical  Matrix in cartesian axes

     q = (    1.000000000  -0.666666667   0.333333333 ) 

    1    1
  0.27046829  0.00000000    0.00000000 -0.00162278    0.00000000  0.01413915
  0.00000000  0.00162278    0.25656967  0.00000000   -0.00716104  0.00000000
  0.00000000 -0.01413915   -0.00716104  0.00000000    0.30062553 -0.00000000
    1    2
 -0.10057167 -0.05806508    0.07302976 -0.12649126   -0.02382687  0.04126935
  0.07299339 -0.12642826   -0.09284825 -0.05360596   -0.06889129 -0.03977441
 -0.02355601  0.04080020   -0.06848417 -0.03953935   -0.09851484 -0.05687757
    2    1
 -0.10057167  0.05806508    0.07299339  0.12642826   -0.02355601 -0.04080020
  0.07302976  0.12649126   -0.09284825  0.05360596   -0.06848417  0.03953935
 -0.02382687 -0.04126935   -0.06889129  0.03977441   -0.09851484  0.05687757
    2    2
  0.26989155  0.00000000    0.00000000  0.00112839    0.00000000 -0.01456074
  0.00000000 -0.00112839    0.25620283  0.00000000   -0.00775538  0.00000000
  0.00000000  0.01456074   -0.00775538  0.00000000    0.30044590  0.00000000

     Dynamical  Matrix in cartesian axes

     q = (   -1.000000000  -0.666666667  -0.333333333 ) 

    1    1
  0.27046829  0.00000000   -0.00000000  0.00162278    0.00000000  0.01413915
 -0.00000000 -0.00162278    0.25656967  0.00000000    0.00716104 -0.00000000
  0.00000000 -0.01413915    0.00716104 -0.00000000    0.30062553  0.00000000
    1    2
  0.00000000  0.11613016    0.14605953 -0.00000000    0.04765374  0.00000000
  0.14598678 -0.00000000    0.00000000  0.10721192   -0.00000000 -0.07954881
  0.04711201 -0.00000000   -0.00000000 -0.07907871    0.00000000  0.11375514
    2    1
  0.00000000 -0.11613016    0.14598678  0.00000000    0.04711201  0.00000000
  0.14605953  0.00000000    0.00000000 -0.10721192    0.00000000  0.07907871
  0.04765374  0.00000000    0.00000000  0.07954881    0.00000000 -0.11375514
    2    2
  0.26989155  0.00000000    0.00000000 -0.00112839    0.00000000 -0.01456074
  0.00000000  0.00112839    0.25620283  0.00000000    0.00775538  0.00000000
  0.00000000  0.01456074    0.00775538  0.00000000    0.30044590  0.00000000

     Dynamical  Matrix in cartesian axes

     q = (   -1.000000000   0.666666667   0.333333333 ) 

    1    1
  0.27046829  0.00000000    0.00000000 -0.00162278   -0.00000000 -0.01413915
  0.00000000  0.00162278    0.25656967  0.00000000    0.00716104 -0.00000000
 -0.00000000  0.01413915    0.00716104 -0.00000000    0.30062553  0.00000000
    1    2
 -0.00000000 -0.11613016    0.14605953 -0.00000000    0.04765374  0.00000000
  0.14598678  0.00000000    0.00000000 -0.10721192    0.00000000  0.07954881
  0.04711201  0.00000000    0.00000000  0.07907871    0.00000000 -0.11375514
    2    1
  0.00000000  0.11613016    0.14598678 -0.00000000    0.04711201  0.00000000
  0.14605953 -0.00000000    0.00000000  0.10721192   -0.00000000 -0.07907871
  0.04765374  0.00000000   -0.00000000 -0.07954881    0.00000000  0.11375514
    2    2
  0.26989155  0.00000000    0.00000000  0.00112839   -0.00000000  0.01456074
  0.00000000 -0.00112839    0.25620283  0.00000000    0.00775538  0.00000000
 -0.00000000 -0.01456074    0.00775538  0.00000000    0.30044590  0.00000000

     Dynamical  Matrix in cartesian axes

     q = (    0.666666667  -1.000000000   0.333333333 ) 

    1    1
  0.25656967  0.00000000    0.00000000  0.00162278    0.00716104  0.00000000
  0.00000000 -0.00162278    0.27046829  0.00000000   -0.00000000 -0.01413915
  0.00716104  0.00000000   -0.00000000  0.01413915    0.30062553  0.00000000
    1    2
 -0.09284825 -0.05360596    0.07299339 -0.12642826    0.06889129  0.03977441
  0.07302976 -0.12649126   -0.10057167 -0.05806508    0.02382687 -0.04126935
  0.06848417  0.03953935    0.02355601 -0.04080020   -0.09851484 -0.05687757
    2    1
 -0.09284825  0.05360596    0.07302976  0.12649126    0.06848417 -0.03953935
  0.07299339  0.12642826   -0.10057167  0.05806508    0.02355601  0.04080020
  0.06889129 -0.03977441    0.02382687  0.04126935   -0.09851484  0.05687757
    2    2
  0.25620283  0.00000000    0.00000000 -0.00112839    0.00775538  0.00000000
  0.00000000  0.00112839    0.26989155  0.00000000   -0.00000000  0.01456074
  0.00775538  0.00000000    0.00000000 -0.01456074    0.30044590  0.00000000

     Dynamical  Matrix in cartesian axes

     q = (   -0.333333333   0.666666667   1.000000000 ) 

    1    1
  0.30062553  0.00000000   -0.00716104  0.00000000   -0.00000000  0.01413915
 -0.00716104  0.00000000    0.25656967  0.00000000   -0.00000000 -0.00162278
 -0.00000000 -0.01413915   -0.00000000  0.00162278    0.27046829  0.00000000
    1    2
  0.00000000 -0.11375514   -0.00000000 -0.07907871    0.04711201  0.00000000
 -0.00000000 -0.07954881    0.00000000 -0.10721192   -0.14598678 -0.00000000
  0.04765374  0.00000000   -0.14605953 -0.00000000    0.00000000 -0.11613016
    2    1
  0.00000000  0.11375514    0.00000000  0.07954881    0.04765374  0.00000000
  0.00000000  0.07907871    0.00000000  0.10721192   -0.14605953  0.00000000
  0.04711201  0.00000000   -0.14598678  0.00000000    0.00000000  0.11613016
    2    2
  0.30044590  0.00000000   -0.00775538  0.00000000   -0.00000000 -0.01456074
 -0.00775538  0.00000000    0.25620283  0.00000000    0.00000000  0.00112839
 -0.00000000  0.01456074   -0.00000000 -0.00112839    0.26989155  0.00000000

     Dynamical  Matrix in cartesian axes

     q = (    0.333333333   0.666666667  -1.000000000 ) 

    1    1
  0.30062553  0.00000000    0.00716104 -0.00000000   -0.00000000  0.01413915
  0.00716104 -0.00000000    0.25656967 -0.00000000    0.00000000  0.00162278
 -0.00000000 -0.01413915    0.00000000 -0.00162278    0.27046829  0.00000000
    1    2
 -0.09851484  0.05687757    0.06848417 -0.03953935   -0.02355601 -0.04080020
  0.06889129 -0.03977441   -0.09284825  0.05360596   -0.07299339 -0.12642826
 -0.02382687 -0.04126935   -0.07302976 -0.12649126   -0.10057167  0.05806508
    2    1
 -0.09851484 -0.05687757    0.06889129  0.03977441   -0.02382687  0.04126935
  0.06848417  0.03953935   -0.09284825 -0.05360596   -0.07302976  0.12649126
 -0.02355601  0.04080020   -0.07299339  0.12642826   -0.10057167 -0.05806508
    2    2
  0.30044590  0.00000000    0.00775538  0.00000000   -0.00000000 -0.01456074
  0.00775538  0.00000000    0.25620283  0.00000000   -0.00000000 -0.00112839
 -0.00000000  0.01456074    0.00000000  0.00112839    0.26989155  0.00000000

     Dynamical  Matrix in cartesian axes

     q = (   -0.333333333  -0.666666667  -1.000000000 ) 

    1    1
  0.30062553 -0.00000000    0.00716104 -0.00000000    0.00000000 -0.01413915
  0.00716104 -0.00000000    0.25656967  0.00000000   -0.00000000 -0.00162278
  0.00000000  0.01413915   -0.00000000  0.00162278    0.27046829  0.00000000
    1    2
 -0.09851484 -0.05687757    0.06848417  0.03953935   -0.02355601  0.04080020
  0.06889129  0.03977441   -0.09284825 -0.05360596   -0.07299339  0.12642826
 -0.02382687  0.04126935   -0.07302976  0.12649126   -0.10057167 -0.05806508
    2    1
 -0.09851484  0.05687757    0.06889129 -0.03977441   -0.02382687 -0.04126935
  0.06848417 -0.03953935   -0.09284825  0.05360596   -0.07302976 -0.12649126
 -0.02355601 -0.04080020   -0.07299339 -0.12642826   -0.10057167  0.05806508
    2    2
  0.30044590  0.00000000    0.00775538  0.00000000    0.00000000  0.01456074
  0.00775538  0.00000000    0.25620283  0.00000000   -0.00000000  0.00112839
  0.00000000 -0.01456074   -0.00000000 -0.00112839    0.26989155  0.00000000

     Dynamical  Matrix in cartesian axes

     q = (    0.333333333  -0.666666667   1.000000000 ) 

    1    1
  0.30062553  0.00000000   -0.00716104  0.00000000    0.00000000 -0.01413915
 -0.00716104  0.00000000    0.25656967  0.00000000    0.00000000  0.00162278
  0.00000000  0.01413915    0.00000000 -0.00162278    0.27046829  0.00000000
    1    2
  0.00000000  0.11375514    0.00000000  0.07907871    0.04711201 -0.00000000
  0.00000000  0.07954881    0.00000000  0.10721192   -0.14598678  0.00000000
  0.04765374  0.00000000   -0.14605953  0.00000000    0.00000000  0.11613016
    2    1
  0.00000000 -0.11375514   -0.00000000 -0.07954881    0.04765374  0.00000000
 -0.00000000 -0.07907871    0.00000000 -0.10721192   -0.14605953 -0.00000000
  0.04711201  0.00000000   -0.14598678  0.00000000    0.00000000 -0.11613016
    2    2
  0.30044590  0.00000000   -0.00775538  0.00000000    0.00000000  0.01456074
 -0.00775538  0.00000000    0.25620283  0.00000000    0.00000000 -0.00112839
  0.00000000 -0.01456074    0.00000000  0.00112839    0.26989155  0.00000000

     Dynamical  Matrix in cartesian axes

     q = (   -0.333333333   1.000000000   0.666666667 ) 

    1    1
  0.30062553  0.00000000   -0.00000000  0.01413915   -0.00716104  0.00000000
 -0.00000000 -0.01413915    0.27046829  0.00000000   -0.00000000  0.00162278
 -0.00716104  0.00000000   -0.00000000 -0.00162278    0.25656967  0.00000000
    1    2
  0.00000000 -0.11375514    0.04711201  0.00000000    0.00000000 -0.07907871
  0.04765374  0.00000000   -0.00000000 -0.11613016   -0.14605953  0.00000000
  0.00000000 -0.07954881   -0.14598678  0.00000000    0.00000000 -0.10721192
    2    1
  0.00000000  0.11375514    0.04765374  0.00000000    0.00000000  0.07954881
  0.04711201 -0.00000000    0.00000000  0.11613016   -0.14598678  0.00000000
  0.00000000  0.07907871   -0.14605953  0.00000000    0.00000000  0.10721192
    2    2
  0.30044590  0.00000000   -0.00000000 -0.01456074   -0.00775538  0.00000000
 -0.00000000  0.01456074    0.26989155  0.00000000   -0.00000000 -0.00112839
 -0.00775538  0.00000000    0.00000000  0.00112839    0.25620283  0.00000000

     Dynamical  Matrix in cartesian axes

     q = (   -0.333333333  -1.000000000  -0.666666667 ) 

    1    1
  0.30062553 -0.00000000    0.00000000 -0.01413915    0.00716104 -0.00000000
  0.00000000  0.01413915    0.27046829  0.00000000   -0.00000000  0.00162278
  0.00716104 -0.00000000   -0.00000000 -0.00162278    0.25656967 -0.00000000
    1    2
 -0.09851484 -0.05687757   -0.02355601  0.04080020    0.06848417  0.03953935
 -0.02382687  0.04126935   -0.10057167 -0.05806508   -0.07302976  0.12649126
  0.06889129  0.03977441   -0.07299339  0.12642826   -0.09284825 -0.05360596
    2    1
 -0.09851484  0.05687757   -0.02382687 -0.04126935    0.06889129 -0.03977441
 -0.02355601 -0.04080020   -0.10057167  0.05806508   -0.07299339 -0.12642826
  0.06848417 -0.03953935   -0.07302976 -0.12649126   -0.09284825  0.05360596
    2    2
  0.30044590  0.00000000   -0.00000000  0.01456074    0.00775538  0.00000000
  0.00000000 -0.01456074    0.26989155  0.00000000   -0.00000000 -0.00112839
  0.00775538  0.00000000   -0.00000000  0.00112839    0.25620283  0.00000000

     Dynamical  Matrix in cartesian axes

     q = (    0.333333333  -1.000000000   0.666666667 ) 

    1    1
  0.30062553  0.00000000   -0.00000000  0.01413915    0.00716104  0.00000000
 -0.00000000 -0.01413915    0.27046829  0.00000000    0.00000000 -0.00162278
  0.00716104  0.00000000    0.00000000  0.00162278    0.25656967 -0.00000000
    1    2
 -0.09851484  0.05687757   -0.02355601 -0.04080020    0.06848417 -0.03953935
 -0.02382687 -0.04126935   -0.10057167  0.05806508   -0.07302976 -0.12649126
  0.06889129 -0.03977441   -0.07299339 -0.12642826   -0.09284825  0.05360596
    2    1
 -0.09851484 -0.05687757   -0.02382687  0.04126935    0.06889129  0.03977441
 -0.02355601  0.04080020   -0.10057167 -0.05806508   -0.07299339  0.12642826
  0.06848417  0.03953935   -0.07302976  0.12649126   -0.09284825 -0.05360596
    2    2
  0.30044590  0.00000000    0.00000000 -0.01456074    0.00775538  0.00000000
 -0.00000000  0.01456074    0.26989155  0.00000000    0.00000000  0.00112839
  0.00775538  0.00000000    0.00000000 -0.00112839    0.25620283  0.00000000

     Dynamical  Matrix in cartesian axes

     q = (    0.333333333   1.000000000  -0.666666667 ) 

    1    1
  0.30062553  0.00000000    0.00000000 -0.01413915   -0.00716104  0.00000000
  0.00000000  0.01413915    0.27046829  0.00000000    0.00000000 -0.00162278
 -0.00716104  0.00000000    0.00000000  0.00162278    0.25656967  0.00000000
    1    2
  0.00000000  0.11375514    0.04711201 -0.00000000    0.00000000  0.07907871
  0.04765374  0.00000000    0.00000000  0.11613016   -0.14605953  0.00000000
  0.00000000  0.07954881   -0.14598678  0.00000000    0.00000000  0.10721192
    2    1
  0.00000000 -0.11375514    0.04765374  0.00000000    0.00000000 -0.07954881
  0.04711201  0.00000000    0.00000000 -0.11613016   -0.14598678  0.00000000
  0.00000000 -0.07907871   -0.14605953  0.00000000    0.00000000 -0.10721192
    2    2
  0.30044590  0.00000000    0.00000000  0.01456074   -0.00775538  0.00000000
  0.00000000 -0.01456074    0.26989155  0.00000000    0.00000000  0.00112839
 -0.00775538  0.00000000    0.00000000 -0.00112839    0.25620283  0.00000000

     Dynamical  Matrix in cartesian axes

     q = (    0.666666667   1.000000000  -0.333333333 ) 

    1    1
  0.25656967  0.00000000   -0.00000000 -0.00162278   -0.00716104  0.00000000
 -0.00000000  0.00162278    0.27046829  0.00000000   -0.00000000 -0.01413915
 -0.00716104  0.00000000   -0.00000000  0.01413915    0.30062553  0.00000000
    1    2
  0.00000000  0.10721192    0.14598678 -0.00000000    0.00000000  0.07954881
  0.14605953 -0.00000000    0.00000000  0.11613016   -0.04765374  0.00000000
  0.00000000  0.07907871   -0.04711201  0.00000000    0.00000000  0.11375514
    2    1
  0.00000000 -0.10721192    0.14605953  0.00000000    0.00000000 -0.07907871
  0.14598678  0.00000000    0.00000000 -0.11613016   -0.04711201 -0.00000000
  0.00000000 -0.07954881   -0.04765374 -0.00000000    0.00000000 -0.11375514
    2    2
  0.25620283  0.00000000    0.00000000  0.00112839   -0.00775538  0.00000000
 -0.00000000 -0.00112839    0.26989155  0.00000000   -0.00000000  0.01456074
 -0.00775538  0.00000000   -0.00000000 -0.01456074    0.30044590  0.00000000

     Dynamical  Matrix in cartesian axes

     q = (   -0.666666667  -1.000000000  -0.333333333 ) 

    1    1
  0.25656967 -0.00000000   -0.00000000 -0.00162278    0.00716104 -0.00000000
 -0.00000000  0.00162278    0.27046829  0.00000000    0.00000000  0.01413915
  0.00716104 -0.00000000    0.00000000 -0.01413915    0.30062553 -0.00000000
    1    2
 -0.09284825  0.05360596    0.07299339  0.12642826    0.06889129 -0.03977441
  0.07302976  0.12649126   -0.10057167  0.05806508    0.02382687  0.04126935
  0.06848417 -0.03953935    0.02355601  0.04080020   -0.09851484  0.05687757
    2    1
 -0.09284825 -0.05360596    0.07302976 -0.12649126    0.06848417  0.03953935
  0.07299339 -0.12642826   -0.10057167 -0.05806508    0.02355601 -0.04080020
  0.06889129  0.03977441    0.02382687 -0.04126935   -0.09851484 -0.05687757
    2    2
  0.25620283  0.00000000    0.00000000  0.00112839    0.00775538  0.00000000
  0.00000000 -0.00112839    0.26989155  0.00000000    0.00000000 -0.01456074
  0.00775538  0.00000000    0.00000000  0.01456074    0.30044590  0.00000000

     Dynamical  Matrix in cartesian axes

     q = (   -0.666666667   1.000000000   0.333333333 ) 

    1    1
  0.25656967  0.00000000    0.00000000  0.00162278   -0.00716104  0.00000000
  0.00000000 -0.00162278    0.27046829  0.00000000    0.00000000  0.01413915
 -0.00716104  0.00000000    0.00000000 -0.01413915    0.30062553  0.00000000
    1    2
 -0.00000000 -0.10721192    0.14598678  0.00000000   -0.00000000 -0.07954881
  0.14605953  0.00000000   -0.00000000 -0.11613016   -0.04765374 -0.00000000
  0.00000000 -0.07907871   -0.04711201 -0.00000000    0.00000000 -0.11375514
    2    1
  0.00000000  0.10721192    0.14605953 -0.00000000    0.00000000  0.07907871
  0.14598678 -0.00000000    0.00000000  0.11613016   -0.04711201 -0.00000000
  0.00000000  0.07954881   -0.04765374 -0.00000000    0.00000000  0.11375514
    2    2
  0.25620283  0.00000000    0.00000000 -0.00112839   -0.00775538  0.00000000
  0.00000000  0.00112839    0.26989155  0.00000000    0.00000000 -0.01456074
 -0.00775538  0.00000000    0.00000000  0.01456074    0.30044590  0.00000000

     Diagonalizing the dynamical matrix

     q = (    0.666666667  -0.333333333   1.000000000 ) 

 **************************************************************************
     freq (    1) =       4.801429 [THz] =     160.158427 [cm-1]
 (  0.602493  0.000000  0.297545  0.000000  0.000000 -0.218101 ) 
 ( -0.000000  0.607501 -0.000000  0.297058 -0.208808  0.000000 ) 
     freq (    2) =       5.395096 [THz] =     179.961031 [cm-1]
 (  0.335450 -0.000000 -0.125119 -0.000000 -0.000000  0.609484 ) 
 (  0.000000 -0.326928  0.000000  0.129636 -0.613727  0.000000 ) 
     freq (    3) =       8.753486 [THz] =     291.984869 [cm-1]
 ( -0.185967 -0.000000  0.604391 -0.000000  0.000000  0.315769 ) 
 ( -0.000000 -0.185745  0.000000  0.605279  0.315522  0.000000 ) 
     freq (    4) =      12.724771 [THz] =     424.452662 [cm-1]
 (  0.368983 -0.000000 -0.521178  0.000000 -0.000000 -0.304525 ) 
 ( -0.000000 -0.366770  0.000000  0.518307  0.310366  0.000000 ) 
     freq (    5) =      14.247240 [THz] =     475.236777 [cm-1]
 (  0.480592  0.000000  0.477155  0.000000  0.000000 -0.220943 ) 
 (  0.000000 -0.526748  0.000000 -0.444365  0.132722  0.000000 ) 
     freq (    6) =      14.342732 [THz] =     478.422050 [cm-1]
 (  0.350394 -0.000000 -0.176692 -0.000000 -0.000000  0.582838 ) 
 ( -0.000000  0.278524 -0.000000 -0.249971  0.605180  0.000000 ) 
 **************************************************************************
