Dynamical matrix file
                                                                           
  1    2  2 10.1822800  0.0000000  0.0000000  0.0000000  0.0000000  0.0000000
           1  'Si  '    25598.3672624059     
    1    1      0.0000000000      0.0000000000      0.0000000000
    2    1     -0.2500000000      0.2500000000      0.2500000000

     Dynamical  Matrix in cartesian axes

     q = (    0.000000000   0.333333333   0.000000000 ) 

    1    1
  0.26680494  0.00000000    0.00000000  0.00000000    0.00000000  0.00000000
  0.00000000  0.00000000    0.30304333  0.00000000    0.00000000  0.00000000
  0.00000000  0.00000000    0.00000000  0.00000000    0.26680494  0.00000000
    1    2
 -0.19874374  0.11474475    0.00000000  0.00000000    0.04424881  0.07664120
  0.00000000 -0.00000000   -0.21085599  0.12173776    0.00000000 -0.00000000
  0.04424881  0.07664120    0.00000000  0.00000000   -0.19874374  0.11474475
    2    1
 -0.19874374 -0.11474475   -0.00000000  0.00000000    0.04424881 -0.07664120
  0.00000000 -0.00000000   -0.21085599 -0.12173776    0.00000000 -0.00000000
  0.04424881 -0.07664120    0.00000000  0.00000000   -0.19874374 -0.11474475
    2    2
  0.26672066  0.00000000    0.00000000  0.00000000    0.00000000  0.00000000
  0.00000000  0.00000000    0.30296109  0.00000000    0.00000000  0.00000000
  0.00000000  0.00000000    0.00000000  0.00000000    0.26672066  0.00000000

     Dynamical  Matrix in cartesian axes

     q = (   -0.333333333   0.000000000   0.000000000 ) 

    1    1
  0.30304333  0.00000000    0.00000000  0.00000000    0.00000000  0.00000000
  0.00000000  0.00000000    0.26680494  0.00000000    0.00000000  0.00000000
  0.00000000  0.00000000    0.00000000  0.00000000    0.26680494  0.00000000
    1    2
 -0.21085599  0.12173776    0.00000000 -0.00000000    0.00000000  0.00000000
  0.00000000 -0.00000000   -0.19874374  0.11474475   -0.04424881 -0.07664120
  0.00000000  0.00000000   -0.04424881 -0.07664120   -0.19874374  0.11474475
    2    1
 -0.21085599 -0.12173776    0.00000000 -0.00000000   -0.00000000  0.00000000
  0.00000000 -0.00000000   -0.19874374 -0.11474475   -0.04424881  0.07664120
  0.00000000  0.00000000   -0.04424881  0.07664120   -0.19874374 -0.11474475
    2    2
  0.30296109  0.00000000    0.00000000  0.00000000    0.00000000  0.00000000
  0.00000000  0.00000000    0.26672066  0.00000000    0.00000000  0.00000000
  0.00000000  0.00000000    0.00000000  0.00000000    0.26672066  0.00000000

     Dynamical  Matrix in cartesian axes

     q = (    0.000000000  -0.333333333   0.000000000 ) 

    1    1
  0.26680494  0.00000000    0.00000000  0.00000000    0.00000000  0.00000000
  0.00000000  0.00000000    0.30304333  0.00000000    0.00000000  0.00000000
  0.00000000  0.00000000    0.00000000  0.00000000    0.26680494  0.00000000
    1    2
 -0.19874374 -0.11474475    0.00000000 -0.00000000    0.04424881 -0.07664120
  0.00000000 -0.00000000   -0.21085599 -0.12173776    0.00000000  0.00000000
  0.04424881 -0.07664120    0.00000000  0.00000000   -0.19874374 -0.11474475
    2    1
 -0.19874374  0.11474475    0.00000000  0.00000000    0.04424881  0.07664120
  0.00000000  0.00000000   -0.21085599  0.12173776    0.00000000  0.00000000
  0.04424881  0.07664120    0.00000000  0.00000000   -0.19874374  0.11474475
    2    2
  0.26672066  0.00000000    0.00000000  0.00000000    0.00000000  0.00000000
  0.00000000  0.00000000    0.30296109  0.00000000    0.00000000  0.00000000
  0.00000000  0.00000000    0.00000000  0.00000000    0.26672066  0.00000000

     Dynamical  Matrix in cartesian axes

     q = (    0.000000000   0.000000000   0.333333333 ) 

    1    1
  0.26680494  0.00000000    0.00000000  0.00000000    0.00000000  0.00000000
  0.00000000  0.00000000    0.26680494  0.00000000    0.00000000  0.00000000
  0.00000000  0.00000000    0.00000000  0.00000000    0.30304333  0.00000000
    1    2
 -0.19874374  0.11474475    0.04424881  0.07664120    0.00000000  0.00000000
  0.04424881  0.07664120   -0.19874374  0.11474475    0.00000000  0.00000000
  0.00000000  0.00000000    0.00000000  0.00000000   -0.21085599  0.12173776
    2    1
 -0.19874374 -0.11474475    0.04424881 -0.07664120    0.00000000 -0.00000000
  0.04424881 -0.07664120   -0.19874374 -0.11474475    0.00000000  0.00000000
  0.00000000 -0.00000000    0.00000000 -0.00000000   -0.21085599 -0.12173776
    2    2
  0.26672066  0.00000000    0.00000000  0.00000000    0.00000000  0.00000000
  0.00000000  0.00000000    0.26672066  0.00000000    0.00000000  0.00000000
  0.00000000  0.00000000    0.00000000  0.00000000    0.30296109  0.00000000

     Dynamical  Matrix in cartesian axes

     q = (    0.000000000   0.000000000  -0.333333333 ) 

    1    1
  0.26680494  0.00000000    0.00000000  0.00000000    0.00000000  0.00000000
  0.00000000  0.00000000    0.26680494  0.00000000    0.00000000  0.00000000
  0.00000000  0.00000000    0.00000000  0.00000000    0.30304333  0.00000000
    1    2
 -0.19874374 -0.11474475    0.04424881 -0.07664120    0.00000000 -0.00000000
  0.04424881 -0.07664120   -0.19874374 -0.11474475    0.00000000  0.00000000
  0.00000000 -0.00000000    0.00000000  0.00000000   -0.21085599 -0.12173776
    2    1
 -0.19874374  0.11474475    0.04424881  0.07664120    0.00000000 -0.00000000
  0.04424881  0.07664120   -0.19874374  0.11474475    0.00000000  0.00000000
  0.00000000  0.00000000    0.00000000  0.00000000   -0.21085599  0.12173776
    2    2
  0.26672066  0.00000000    0.00000000  0.00000000    0.00000000  0.00000000
  0.00000000  0.00000000    0.26672066  0.00000000    0.00000000  0.00000000
  0.00000000  0.00000000    0.00000000  0.00000000    0.30296109  0.00000000

     Dynamical  Matrix in cartesian axes

     q = (    0.333333333   0.000000000   0.000000000 ) 

    1    1
  0.30304333  0.00000000    0.00000000  0.00000000    0.00000000  0.00000000
  0.00000000  0.00000000    0.26680494  0.00000000    0.00000000  0.00000000
  0.00000000  0.00000000    0.00000000  0.00000000    0.26680494  0.00000000
    1    2
 -0.21085599 -0.12173776    0.00000000  0.00000000    0.00000000 -0.00000000
  0.00000000 -0.00000000   -0.19874374 -0.11474475   -0.04424881  0.07664120
  0.00000000  0.00000000   -0.04424881  0.07664120   -0.19874374 -0.11474475
    2    1
 -0.21085599  0.12173776    0.00000000  0.00000000    0.00000000  0.00000000
  0.00000000  0.00000000   -0.19874374  0.11474475   -0.04424881 -0.07664120
  0.00000000  0.00000000   -0.04424881 -0.07664120   -0.19874374  0.11474475
    2    2
  0.30296109  0.00000000    0.00000000  0.00000000    0.00000000  0.00000000
  0.00000000  0.00000000    0.26672066  0.00000000    0.00000000  0.00000000
  0.00000000  0.00000000    0.00000000  0.00000000    0.26672066  0.00000000

     Diagonalizing the dynamical matrix

     q = (    0.000000000   0.333333333   0.000000000 ) 

 **************************************************************************
     freq (    1) =       2.965581 [THz] =      98.921142 [cm-1]
 (  0.408361  0.418828  0.000000 -0.000000  0.312753 -0.244795 ) 
 (  0.154617  0.670537  0.000000 -0.000000  0.162970  0.000000 ) 
     freq (    2) =       2.965581 [THz] =      98.921142 [cm-1]
 ( -0.227429 -0.325599 -0.000000  0.000000  0.513046 -0.280997 ) 
 ( -0.036618 -0.158803 -0.000000 -0.000000  0.688132  0.000000 ) 
     freq (    3) =       5.016776 [THz] =     167.341646 [cm-1]
 (  0.000000  0.000000 -0.639764  0.301029 -0.000000  0.000000 ) 
 ( -0.000000  0.000000 -0.704685 -0.059193 -0.000000  0.000000 ) 
     freq (    4) =      14.723499 [THz] =     491.123060 [cm-1]
 ( -0.561862 -0.374756  0.000000  0.000000 -0.093904  0.187449 ) 
 (  0.320631  0.627804  0.000000 -0.000000 -0.054519  0.000000 ) 
     freq (    5) =      14.723499 [THz] =     491.123060 [cm-1]
 ( -0.084147 -0.192027  0.000000 -0.000000  0.580379 -0.345386 ) 
 ( -0.024797 -0.048553 -0.000000 -0.000000 -0.704941  0.000000 ) 
     freq (    6) =      15.200404 [THz] =     507.030915 [cm-1]
 (  0.000000 -0.000000  0.639872 -0.301079 -0.000000  0.000000 ) 
 ( -0.000000  0.000000 -0.704566 -0.059183  0.000000  0.000000 ) 
 **************************************************************************
