Dynamical matrix file
                                                                           
  1    2  2 10.1822800  0.0000000  0.0000000  0.0000000  0.0000000  0.0000000
           1  'Si  '    25598.3672624059     
    1    1      0.0000000000      0.0000000000      0.0000000000
    2    1     -0.2500000000      0.2500000000      0.2500000000

     Dynamical  Matrix in cartesian axes

     q = (    0.333333333   0.000000000   0.333333333 ) 

    1    1
  0.27803422  0.00000000    0.00000000 -0.00519092    0.00834774  0.00000000
  0.00000000  0.00519092    0.27985941  0.00000000    0.00000000  0.00519092
  0.00834774  0.00000000    0.00000000 -0.00519092    0.27803422  0.00000000
    1    2
 -0.19871687  0.00000000    0.00000000  0.07833809    0.04622517  0.00000000
  0.00000000  0.07823149   -0.20830944  0.00000000    0.00000000  0.07823149
  0.04622517  0.00000000    0.00000000  0.07833809   -0.19871687  0.00000000
    2    1
 -0.19871687  0.00000000    0.00000000 -0.07823149    0.04622517  0.00000000
  0.00000000 -0.07833809   -0.20830944  0.00000000    0.00000000 -0.07833809
  0.04622517  0.00000000    0.00000000 -0.07823149   -0.19871687  0.00000000
    2    2
  0.27793579  0.00000000    0.00000000  0.00528854    0.00833314  0.00000000
  0.00000000 -0.00528854    0.27979777  0.00000000    0.00000000 -0.00528854
  0.00833314  0.00000000    0.00000000  0.00528854    0.27793579  0.00000000

     Dynamical  Matrix in cartesian axes

     q = (   -0.333333333   0.000000000  -0.333333333 ) 

    1    1
  0.27803422  0.00000000    0.00000000  0.00519092    0.00834774  0.00000000
  0.00000000 -0.00519092    0.27985941  0.00000000    0.00000000 -0.00519092
  0.00834774  0.00000000    0.00000000  0.00519092    0.27803422  0.00000000
    1    2
 -0.19871687  0.00000000    0.00000000 -0.07833809    0.04622517  0.00000000
  0.00000000 -0.07823149   -0.20830944  0.00000000    0.00000000 -0.07823149
  0.04622517  0.00000000    0.00000000 -0.07833809   -0.19871687  0.00000000
    2    1
 -0.19871687  0.00000000    0.00000000  0.07823149    0.04622517  0.00000000
  0.00000000  0.07833809   -0.20830944  0.00000000    0.00000000  0.07833809
  0.04622517  0.00000000    0.00000000  0.07823149   -0.19871687  0.00000000
    2    2
  0.27793579  0.00000000    0.00000000 -0.00528854    0.00833314  0.00000000
  0.00000000  0.00528854    0.27979777  0.00000000    0.00000000  0.00528854
  0.00833314  0.00000000    0.00000000 -0.00528854    0.27793579  0.00000000

     Dynamical  Matrix in cartesian axes

     q = (    0.000000000  -0.333333333   0.333333333 ) 

    1    1
  0.27985941  0.00000000    0.00000000  0.00519092    0.00000000 -0.00519092
  0.00000000 -0.00519092    0.27803422  0.00000000   -0.00834774  0.00000000
  0.00000000  0.00519092   -0.00834774  0.00000000    0.27803422  0.00000000
    1    2
 -0.20830944  0.00000000    0.00000000  0.07823149    0.00000000 -0.07823149
  0.00000000  0.07833809   -0.19871687  0.00000000   -0.04622517  0.00000000
 -0.00000000 -0.07833809   -0.04622517  0.00000000   -0.19871687  0.00000000
    2    1
 -0.20830944  0.00000000    0.00000000 -0.07833809    0.00000000  0.07833809
  0.00000000 -0.07823149   -0.19871687  0.00000000   -0.04622517  0.00000000
  0.00000000  0.07823149   -0.04622517  0.00000000   -0.19871687  0.00000000
    2    2
  0.27979777  0.00000000    0.00000000 -0.00528854    0.00000000  0.00528854
  0.00000000  0.00528854    0.27793579  0.00000000   -0.00833314  0.00000000
  0.00000000 -0.00528854   -0.00833314  0.00000000    0.27793579  0.00000000

     Dynamical  Matrix in cartesian axes

     q = (   -0.333333333   0.000000000   0.333333333 ) 

    1    1
  0.27803422  0.00000000    0.00000000 -0.00519092   -0.00834774  0.00000000
  0.00000000  0.00519092    0.27985941  0.00000000    0.00000000 -0.00519092
 -0.00834774  0.00000000    0.00000000  0.00519092    0.27803422  0.00000000
    1    2
 -0.09935844  0.17209386    0.06784278  0.03916905   -0.02311258  0.04003217
  0.06775046  0.03911575   -0.10415472  0.18040127   -0.06775046 -0.03911575
 -0.02311258  0.04003217   -0.06784278 -0.03916905   -0.09935844  0.17209386
    2    1
 -0.09935844 -0.17209386    0.06775046 -0.03911575   -0.02311258 -0.04003217
  0.06784278 -0.03916905   -0.10415472 -0.18040127   -0.06784278  0.03916905
 -0.02311258 -0.04003217   -0.06775046  0.03911575   -0.09935844 -0.17209386
    2    2
  0.27793579  0.00000000    0.00000000  0.00528854   -0.00833314  0.00000000
  0.00000000 -0.00528854    0.27979777  0.00000000   -0.00000000  0.00528854
 -0.00833314  0.00000000   -0.00000000 -0.00528854    0.27793579  0.00000000

     Dynamical  Matrix in cartesian axes

     q = (    0.333333333   0.000000000  -0.333333333 ) 

    1    1
  0.27803422  0.00000000    0.00000000  0.00519092   -0.00834774  0.00000000
  0.00000000 -0.00519092    0.27985941  0.00000000    0.00000000  0.00519092
 -0.00834774  0.00000000    0.00000000 -0.00519092    0.27803422  0.00000000
    1    2
 -0.09935844 -0.17209386    0.06784278 -0.03916905   -0.02311258 -0.04003217
  0.06775046 -0.03911575   -0.10415472 -0.18040127   -0.06775046  0.03911575
 -0.02311258 -0.04003217   -0.06784278  0.03916905   -0.09935844 -0.17209386
    2    1
 -0.09935844  0.17209386    0.06775046  0.03911575   -0.02311258  0.04003217
  0.06784278  0.03916905   -0.10415472  0.18040127   -0.06784278 -0.03916905
 -0.02311258  0.04003217   -0.06775046 -0.03911575   -0.09935844  0.17209386
    2    2
  0.27793579  0.00000000    0.00000000 -0.00528854   -0.00833314  0.00000000
  0.00000000  0.00528854    0.27979777  0.00000000    0.00000000 -0.00528854
 -0.00833314  0.00000000    0.00000000  0.00528854    0.27793579  0.00000000

     Dynamical  Matrix in cartesian axes

     q = (    0.333333333   0.333333333   0.000000000 ) 

    1    1
  0.27803422  0.00000000    0.00834774  0.00000000    0.00000000 -0.00519092
  0.00834774  0.00000000    0.27803422  0.00000000    0.00000000 -0.00519092
  0.00000000  0.00519092    0.00000000  0.00519092    0.27985941  0.00000000
    1    2
 -0.19871687  0.00000000    0.04622517  0.00000000   -0.00000000  0.07833809
  0.04622517  0.00000000   -0.19871687  0.00000000   -0.00000000  0.07833809
  0.00000000  0.07823149    0.00000000  0.07823149   -0.20830944  0.00000000
    2    1
 -0.19871687  0.00000000    0.04622517  0.00000000    0.00000000 -0.07823149
  0.04622517  0.00000000   -0.19871687  0.00000000    0.00000000 -0.07823149
  0.00000000 -0.07833809    0.00000000 -0.07833809   -0.20830944  0.00000000
    2    2
  0.27793579  0.00000000    0.00833314  0.00000000    0.00000000  0.00528854
  0.00833314  0.00000000    0.27793579  0.00000000    0.00000000  0.00528854
  0.00000000 -0.00528854    0.00000000 -0.00528854    0.27979777  0.00000000

     Dynamical  Matrix in cartesian axes

     q = (    0.333333333  -0.333333333   0.000000000 ) 

    1    1
  0.27803422  0.00000000   -0.00834774  0.00000000    0.00000000  0.00519092
 -0.00834774  0.00000000    0.27803422  0.00000000    0.00000000 -0.00519092
  0.00000000 -0.00519092    0.00000000  0.00519092    0.27985941  0.00000000
    1    2
 -0.09935844 -0.17209386   -0.02311258 -0.04003217    0.06784278 -0.03916905
 -0.02311258 -0.04003217   -0.09935844 -0.17209386   -0.06784278  0.03916905
  0.06775046 -0.03911575   -0.06775046  0.03911575   -0.10415472 -0.18040127
    2    1
 -0.09935844  0.17209386   -0.02311258  0.04003217    0.06775046  0.03911575
 -0.02311258  0.04003217   -0.09935844  0.17209386   -0.06775046 -0.03911575
  0.06784278  0.03916905   -0.06784278 -0.03916905   -0.10415472  0.18040127
    2    2
  0.27793579  0.00000000   -0.00833314  0.00000000    0.00000000 -0.00528854
 -0.00833314  0.00000000    0.27793579  0.00000000    0.00000000  0.00528854
  0.00000000  0.00528854    0.00000000 -0.00528854    0.27979777  0.00000000

     Dynamical  Matrix in cartesian axes

     q = (   -0.333333333  -0.333333333   0.000000000 ) 

    1    1
  0.27803422  0.00000000    0.00834774  0.00000000    0.00000000  0.00519092
  0.00834774  0.00000000    0.27803422  0.00000000    0.00000000  0.00519092
  0.00000000 -0.00519092    0.00000000 -0.00519092    0.27985941  0.00000000
    1    2
 -0.19871687  0.00000000    0.04622517  0.00000000   -0.00000000 -0.07833809
  0.04622517  0.00000000   -0.19871687  0.00000000   -0.00000000 -0.07833809
  0.00000000 -0.07823149    0.00000000 -0.07823149   -0.20830944  0.00000000
    2    1
 -0.19871687  0.00000000    0.04622517  0.00000000    0.00000000  0.07823149
  0.04622517  0.00000000   -0.19871687  0.00000000    0.00000000  0.07823149
  0.00000000  0.07833809    0.00000000  0.07833809   -0.20830944  0.00000000
    2    2
  0.27793579  0.00000000    0.00833314  0.00000000    0.00000000 -0.00528854
  0.00833314  0.00000000    0.27793579  0.00000000    0.00000000 -0.00528854
  0.00000000  0.00528854    0.00000000  0.00528854    0.27979777  0.00000000

     Dynamical  Matrix in cartesian axes

     q = (   -0.333333333   0.333333333   0.000000000 ) 

    1    1
  0.27803422  0.00000000   -0.00834774  0.00000000    0.00000000 -0.00519092
 -0.00834774  0.00000000    0.27803422  0.00000000    0.00000000  0.00519092
  0.00000000  0.00519092    0.00000000 -0.00519092    0.27985941  0.00000000
    1    2
 -0.09935844  0.17209386   -0.02311258  0.04003217    0.06784278  0.03916905
 -0.02311258  0.04003217   -0.09935844  0.17209386   -0.06784278 -0.03916905
  0.06775046  0.03911575   -0.06775046 -0.03911575   -0.10415472  0.18040127
    2    1
 -0.09935844 -0.17209386   -0.02311258 -0.04003217    0.06775046 -0.03911575
 -0.02311258 -0.04003217   -0.09935844 -0.17209386   -0.06775046  0.03911575
  0.06784278 -0.03916905   -0.06784278  0.03916905   -0.10415472 -0.18040127
    2    2
  0.27793579  0.00000000   -0.00833314  0.00000000    0.00000000  0.00528854
 -0.00833314  0.00000000    0.27793579  0.00000000    0.00000000 -0.00528854
  0.00000000 -0.00528854    0.00000000  0.00528854    0.27979777  0.00000000

     Dynamical  Matrix in cartesian axes

     q = (    0.000000000   0.333333333   0.333333333 ) 

    1    1
  0.27985941  0.00000000    0.00000000  0.00519092    0.00000000  0.00519092
  0.00000000 -0.00519092    0.27803422  0.00000000    0.00834774  0.00000000
  0.00000000 -0.00519092    0.00834774  0.00000000    0.27803422  0.00000000
    1    2
 -0.10415472  0.18040127    0.06775046  0.03911575    0.06775046  0.03911575
  0.06784278  0.03916905   -0.09935844  0.17209386    0.02311258 -0.04003217
  0.06784278  0.03916905    0.02311258 -0.04003217   -0.09935844  0.17209386
    2    1
 -0.10415472 -0.18040127    0.06784278 -0.03916905    0.06784278 -0.03916905
  0.06775046 -0.03911575   -0.09935844 -0.17209386    0.02311258  0.04003217
  0.06775046 -0.03911575    0.02311258  0.04003217   -0.09935844 -0.17209386
    2    2
  0.27979777  0.00000000    0.00000000 -0.00528854    0.00000000 -0.00528854
  0.00000000  0.00528854    0.27793579  0.00000000    0.00833314  0.00000000
  0.00000000  0.00528854    0.00833314  0.00000000    0.27793579  0.00000000

     Dynamical  Matrix in cartesian axes

     q = (    0.000000000   0.333333333  -0.333333333 ) 

    1    1
  0.27985941  0.00000000    0.00000000 -0.00519092    0.00000000  0.00519092
  0.00000000  0.00519092    0.27803422  0.00000000   -0.00834774  0.00000000
  0.00000000 -0.00519092   -0.00834774  0.00000000    0.27803422  0.00000000
    1    2
 -0.20830944  0.00000000    0.00000000 -0.07823149    0.00000000  0.07823149
  0.00000000 -0.07833809   -0.19871687  0.00000000   -0.04622517  0.00000000
 -0.00000000  0.07833809   -0.04622517  0.00000000   -0.19871687  0.00000000
    2    1
 -0.20830944  0.00000000    0.00000000  0.07833809    0.00000000 -0.07833809
  0.00000000  0.07823149   -0.19871687  0.00000000   -0.04622517  0.00000000
  0.00000000 -0.07823149   -0.04622517  0.00000000   -0.19871687  0.00000000
    2    2
  0.27979777  0.00000000    0.00000000  0.00528854    0.00000000 -0.00528854
  0.00000000 -0.00528854    0.27793579  0.00000000   -0.00833314  0.00000000
  0.00000000  0.00528854   -0.00833314  0.00000000    0.27793579  0.00000000

     Dynamical  Matrix in cartesian axes

     q = (    0.000000000  -0.333333333  -0.333333333 ) 

    1    1
  0.27985941  0.00000000    0.00000000 -0.00519092    0.00000000 -0.00519092
  0.00000000  0.00519092    0.27803422  0.00000000    0.00834774  0.00000000
  0.00000000  0.00519092    0.00834774  0.00000000    0.27803422  0.00000000
    1    2
 -0.10415472 -0.18040127    0.06775046 -0.03911575    0.06775046 -0.03911575
  0.06784278 -0.03916905   -0.09935844 -0.17209386    0.02311258  0.04003217
  0.06784278 -0.03916905    0.02311258  0.04003217   -0.09935844 -0.17209386
    2    1
 -0.10415472  0.18040127    0.06784278  0.03916905    0.06784278  0.03916905
  0.06775046  0.03911575   -0.09935844  0.17209386    0.02311258 -0.04003217
  0.06775046  0.03911575    0.02311258 -0.04003217   -0.09935844  0.17209386
    2    2
  0.27979777  0.00000000    0.00000000  0.00528854    0.00000000  0.00528854
  0.00000000 -0.00528854    0.27793579  0.00000000    0.00833314  0.00000000
  0.00000000 -0.00528854    0.00833314  0.00000000    0.27793579  0.00000000

     Diagonalizing the dynamical matrix

     q = (    0.333333333   0.000000000   0.333333333 ) 

 **************************************************************************
     freq (    1) =       3.231763 [THz] =     107.800025 [cm-1]
 ( -0.499957  0.000000  0.000000  0.000000  0.499957 -0.000000 ) 
 ( -0.500043  0.000000  0.000000  0.000000  0.500043  0.000000 ) 
     freq (    2) =       4.335607 [THz] =     144.620276 [cm-1]
 ( -0.127853 -0.000000 -0.000000 -0.683542 -0.127853  0.000000 ) 
 (  0.125544 -0.000000 -0.000000 -0.684511  0.125544  0.000000 ) 
     freq (    3) =       6.439100 [THz] =     214.785249 [cm-1]
 (  0.478118  0.000000 -0.000000 -0.206539  0.478118  0.000000 ) 
 (  0.478960  0.000000 -0.000000  0.203330  0.478960  0.000000 ) 
     freq (    4) =      14.034742 [THz] =     468.148598 [cm-1]
 (  0.483733  0.000000 -0.000000 -0.179519  0.483733  0.000000 ) 
 ( -0.483629 -0.000000  0.000000 -0.178841 -0.483629  0.000000 ) 
     freq (    5) =      14.750208 [THz] =     492.013979 [cm-1]
 ( -0.500043 -0.000000 -0.000000 -0.000000  0.500043  0.000000 ) 
 (  0.499957  0.000000  0.000000  0.000000 -0.499957  0.000000 ) 
     freq (    6) =      14.883195 [THz] =     496.449952 [cm-1]
 (  0.145116  0.000000 -0.000000  0.676672  0.145116  0.000000 ) 
 (  0.144705  0.000000  0.000000 -0.676844  0.144705  0.000000 ) 
 **************************************************************************
