Dynamical matrix file
                                                                           
  1    2  2 10.1822800  0.0000000  0.0000000  0.0000000  0.0000000  0.0000000
           1  'Si  '    25598.3672624059     
    1    1      0.0000000000      0.0000000000      0.0000000000
    2    1     -0.2500000000      0.2500000000      0.2500000000

     Dynamical  Matrix in cartesian axes

     q = (    0.500000000  -0.166666667   0.833333333 ) 

    1    1
  0.25552967  0.00000000   -0.00489122 -0.00010983    0.00489122 -0.00010983
 -0.00489122  0.00010983    0.28484422  0.00000000   -0.00369825  0.01610927
  0.00489122  0.00010983   -0.00369825 -0.01610927    0.28484422  0.00000000
    1    2
 -0.03163996  0.05480202    0.02207860  0.12459942    0.11894556 -0.04317908
  0.02112304  0.12533463   -0.03766586  0.05791333   -0.02443466  0.04241719
  0.11910449 -0.04437423   -0.02451703  0.04236963   -0.03132148  0.06157625
    2    1
 -0.03163996 -0.05480202    0.02112304 -0.12533463    0.11910449  0.04437423
  0.02207860 -0.12459942   -0.03766586 -0.05791333   -0.02451703 -0.04236963
  0.11894556  0.04317908   -0.02443466 -0.04241719   -0.03132148 -0.06157625
    2    2
  0.25593109  0.00000000   -0.00527343  0.00062356    0.00527343  0.00062356
 -0.00527343 -0.00062356    0.28449443  0.00000000   -0.00407185 -0.01606768
  0.00527343 -0.00062356   -0.00407185  0.01606768    0.28449443  0.00000000

     Dynamical  Matrix in cartesian axes

     q = (    0.833333333  -0.166666667   0.500000000 ) 

    1    1
  0.28484422  0.00000000   -0.00369825 -0.01610927    0.00489122  0.00010983
 -0.00369825  0.01610927    0.28484422  0.00000000   -0.00489122  0.00010983
  0.00489122 -0.00010983   -0.00489122 -0.00010983    0.25552967  0.00000000
    1    2
 -0.06898734  0.00366293   -0.04895169 -0.00004756    0.09798145  0.08096040
 -0.04895169  0.00004756   -0.06898734 -0.00366293   -0.09798145  0.08096040
  0.09686696  0.08142034   -0.09686696  0.08142034   -0.06327992 -0.00000000
    2    1
 -0.06898734 -0.00366293   -0.04895169 -0.00004756    0.09686696 -0.08142034
 -0.04895169  0.00004756   -0.06898734  0.00366293   -0.09686696 -0.08142034
  0.09798145 -0.08096040   -0.09798145 -0.08096040   -0.06327992  0.00000000
    2    2
  0.28449443  0.00000000   -0.00407185  0.01606768    0.00527343 -0.00062356
 -0.00407185 -0.01606768    0.28449443  0.00000000   -0.00527343 -0.00062356
  0.00527343  0.00062356   -0.00527343  0.00062356    0.25593109  0.00000000

     Dynamical  Matrix in cartesian axes

     q = (   -0.500000000  -0.166666667  -0.833333333 ) 

    1    1
  0.25552967  0.00000000    0.00489122  0.00010983    0.00489122 -0.00010983
  0.00489122 -0.00010983    0.28484422  0.00000000    0.00369825 -0.01610927
  0.00489122  0.00010983    0.00369825  0.01610927    0.28484422  0.00000000
    1    2
 -0.06327992 -0.00000000    0.09686696 -0.08142034    0.09686696  0.08142034
  0.09798145 -0.08096040   -0.06898734 -0.00366293    0.04895169 -0.00004756
  0.09798145  0.08096040    0.04895169  0.00004756   -0.06898734  0.00366293
    2    1
 -0.06327992  0.00000000    0.09798145  0.08096040    0.09798145 -0.08096040
  0.09686696  0.08142034   -0.06898734  0.00366293    0.04895169 -0.00004756
  0.09686696 -0.08142034    0.04895169  0.00004756   -0.06898734 -0.00366293
    2    2
  0.25593109  0.00000000    0.00527343 -0.00062356    0.00527343  0.00062356
  0.00527343  0.00062356    0.28449443  0.00000000    0.00407185  0.01606768
  0.00527343 -0.00062356    0.00407185 -0.01606768    0.28449443  0.00000000

     Dynamical  Matrix in cartesian axes

     q = (   -0.833333333  -0.166666667  -0.500000000 ) 

    1    1
  0.28484422  0.00000000    0.00369825  0.01610927    0.00489122  0.00010983
  0.00369825 -0.01610927    0.28484422  0.00000000    0.00489122 -0.00010983
  0.00489122 -0.00010983    0.00489122  0.00010983    0.25552967  0.00000000
    1    2
 -0.03132148  0.06157625    0.02451703 -0.04236963    0.11910449 -0.04437423
  0.02443466 -0.04241719   -0.03766586  0.05791333   -0.02112304 -0.12533463
  0.11894556 -0.04317908   -0.02207860 -0.12459942   -0.03163996  0.05480202
    2    1
 -0.03132148 -0.06157625    0.02443466  0.04241719    0.11894556  0.04317908
  0.02451703  0.04236963   -0.03766586 -0.05791333   -0.02207860  0.12459942
  0.11910449  0.04437423   -0.02112304  0.12533463   -0.03163996 -0.05480202
    2    2
  0.28449443  0.00000000    0.00407185 -0.01606768    0.00527343 -0.00062356
  0.00407185  0.01606768    0.28449443  0.00000000    0.00527343  0.00062356
  0.00527343  0.00062356    0.00527343 -0.00062356    0.25593109  0.00000000

     Dynamical  Matrix in cartesian axes

     q = (   -0.833333333   0.166666667   0.500000000 ) 

    1    1
  0.28484422  0.00000000   -0.00369825 -0.01610927   -0.00489122 -0.00010983
 -0.00369825  0.01610927    0.28484422  0.00000000    0.00489122 -0.00010983
 -0.00489122  0.00010983    0.00489122  0.00010983    0.25552967  0.00000000
    1    2
  0.06898734 -0.00366293    0.04895169  0.00004756    0.09798145  0.08096040
  0.04895169 -0.00004756    0.06898734  0.00366293   -0.09798145  0.08096040
  0.09686696  0.08142034   -0.09686696  0.08142034    0.06327992  0.00000000
    2    1
  0.06898734  0.00366293    0.04895169  0.00004756    0.09686696 -0.08142034
  0.04895169 -0.00004756    0.06898734 -0.00366293   -0.09686696 -0.08142034
  0.09798145 -0.08096040   -0.09798145 -0.08096040    0.06327992 -0.00000000
    2    2
  0.28449443  0.00000000   -0.00407185  0.01606768   -0.00527343  0.00062356
 -0.00407185 -0.01606768    0.28449443  0.00000000    0.00527343  0.00062356
 -0.00527343 -0.00062356    0.00527343 -0.00062356    0.25593109  0.00000000

     Dynamical  Matrix in cartesian axes

     q = (    0.833333333   0.166666667  -0.500000000 ) 

    1    1
  0.28484422  0.00000000    0.00369825  0.01610927   -0.00489122 -0.00010983
  0.00369825 -0.01610927    0.28484422  0.00000000   -0.00489122  0.00010983
 -0.00489122  0.00010983   -0.00489122 -0.00010983    0.25552967  0.00000000
    1    2
 -0.03766586 -0.05791333    0.02443466  0.04241719    0.02112304 -0.12533463
  0.02451703  0.04236963   -0.03132148 -0.06157625   -0.11910449 -0.04437423
  0.02207860 -0.12459942   -0.11894556 -0.04317908   -0.03163996 -0.05480202
    2    1
 -0.03766586  0.05791333    0.02451703 -0.04236963    0.02207860  0.12459942
  0.02443466 -0.04241719   -0.03132148  0.06157625   -0.11894556  0.04317908
  0.02112304  0.12533463   -0.11910449  0.04437423   -0.03163996  0.05480202
    2    2
  0.28449443  0.00000000    0.00407185 -0.01606768   -0.00527343  0.00062356
  0.00407185  0.01606768    0.28449443 -0.00000000   -0.00527343 -0.00062356
 -0.00527343 -0.00062356   -0.00527343  0.00062356    0.25593109  0.00000000

     Dynamical  Matrix in cartesian axes

     q = (   -0.500000000   0.166666667   0.833333333 ) 

    1    1
  0.25552967  0.00000000   -0.00489122 -0.00010983   -0.00489122  0.00010983
 -0.00489122  0.00010983    0.28484422  0.00000000    0.00369825 -0.01610927
 -0.00489122 -0.00010983    0.00369825  0.01610927    0.28484422  0.00000000
    1    2
  0.06327992  0.00000000    0.09686696 -0.08142034    0.09686696  0.08142034
  0.09798145 -0.08096040    0.06898734  0.00366293   -0.04895169  0.00004756
  0.09798145  0.08096040   -0.04895169 -0.00004756    0.06898734 -0.00366293
    2    1
  0.06327992 -0.00000000    0.09798145  0.08096040    0.09798145 -0.08096040
  0.09686696  0.08142034    0.06898734 -0.00366293   -0.04895169  0.00004756
  0.09686696 -0.08142034   -0.04895169 -0.00004756    0.06898734  0.00366293
    2    2
  0.25593109  0.00000000   -0.00527343  0.00062356   -0.00527343 -0.00062356
 -0.00527343 -0.00062356    0.28449443  0.00000000    0.00407185  0.01606768
 -0.00527343  0.00062356    0.00407185 -0.01606768    0.28449443  0.00000000

     Dynamical  Matrix in cartesian axes

     q = (    0.500000000   0.166666667  -0.833333333 ) 

    1    1
  0.25552967  0.00000000    0.00489122  0.00010983   -0.00489122  0.00010983
  0.00489122 -0.00010983    0.28484422  0.00000000   -0.00369825  0.01610927
 -0.00489122 -0.00010983   -0.00369825 -0.01610927    0.28484422  0.00000000
    1    2
 -0.03163996 -0.05480202    0.11894556  0.04317908    0.02207860 -0.12459942
  0.11910449  0.04437423   -0.03132148 -0.06157625   -0.02451703 -0.04236963
  0.02112304 -0.12533463   -0.02443466 -0.04241719   -0.03766586 -0.05791333
    2    1
 -0.03163996  0.05480202    0.11910449 -0.04437423    0.02112304  0.12533463
  0.11894556 -0.04317908   -0.03132148  0.06157625   -0.02443466  0.04241719
  0.02207860  0.12459942   -0.02451703  0.04236963   -0.03766586  0.05791333
    2    2
  0.25593109  0.00000000    0.00527343 -0.00062356   -0.00527343 -0.00062356
  0.00527343  0.00062356    0.28449443  0.00000000   -0.00407185 -0.01606768
 -0.00527343  0.00062356   -0.00407185  0.01606768    0.28449443 -0.00000000

     Dynamical  Matrix in cartesian axes

     q = (    0.833333333   0.500000000  -0.166666667 ) 

    1    1
  0.28484422  0.00000000    0.00489122  0.00010983   -0.00369825 -0.01610927
  0.00489122 -0.00010983    0.25552967  0.00000000   -0.00489122 -0.00010983
 -0.00369825  0.01610927   -0.00489122  0.00010983    0.28484422  0.00000000
    1    2
 -0.06898734  0.00366293    0.09798145  0.08096040   -0.04895169 -0.00004756
  0.09686696  0.08142034   -0.06327992 -0.00000000   -0.09686696  0.08142034
 -0.04895169  0.00004756   -0.09798145  0.08096040   -0.06898734 -0.00366293
    2    1
 -0.06898734 -0.00366293    0.09686696 -0.08142034   -0.04895169 -0.00004756
  0.09798145 -0.08096040   -0.06327992  0.00000000   -0.09798145 -0.08096040
 -0.04895169  0.00004756   -0.09686696 -0.08142034   -0.06898734  0.00366293
    2    2
  0.28449443  0.00000000    0.00527343 -0.00062356   -0.00407185  0.01606768
  0.00527343  0.00062356    0.25593109  0.00000000   -0.00527343  0.00062356
 -0.00407185 -0.01606768   -0.00527343 -0.00062356    0.28449443 -0.00000000

     Dynamical  Matrix in cartesian axes

     q = (    0.833333333  -0.500000000   0.166666667 ) 

    1    1
  0.28484422  0.00000000   -0.00489122 -0.00010983    0.00369825  0.01610927
 -0.00489122  0.00010983    0.25552967  0.00000000   -0.00489122 -0.00010983
  0.00369825 -0.01610927   -0.00489122  0.00010983    0.28484422  0.00000000
    1    2
 -0.03766586 -0.05791333    0.02112304 -0.12533463    0.02443466  0.04241719
  0.02207860 -0.12459942   -0.03163996 -0.05480202   -0.11894556 -0.04317908
  0.02451703  0.04236963   -0.11910449 -0.04437423   -0.03132148 -0.06157625
    2    1
 -0.03766586  0.05791333    0.02207860  0.12459942    0.02451703 -0.04236963
  0.02112304  0.12533463   -0.03163996  0.05480202   -0.11910449  0.04437423
  0.02443466 -0.04241719   -0.11894556  0.04317908   -0.03132148  0.06157625
    2    2
  0.28449443  0.00000000   -0.00527343  0.00062356    0.00407185 -0.01606768
 -0.00527343 -0.00062356    0.25593109  0.00000000   -0.00527343  0.00062356
  0.00407185  0.01606768   -0.00527343 -0.00062356    0.28449443  0.00000000

     Dynamical  Matrix in cartesian axes

     q = (   -0.833333333  -0.500000000  -0.166666667 ) 

    1    1
  0.28484422  0.00000000    0.00489122  0.00010983    0.00369825  0.01610927
  0.00489122 -0.00010983    0.25552967  0.00000000    0.00489122  0.00010983
  0.00369825 -0.01610927    0.00489122 -0.00010983    0.28484422  0.00000000
    1    2
 -0.03132148  0.06157625    0.11910449 -0.04437423    0.02451703 -0.04236963
  0.11894556 -0.04317908   -0.03163996  0.05480202   -0.02207860 -0.12459942
  0.02443466 -0.04241719   -0.02112304 -0.12533463   -0.03766586  0.05791333
    2    1
 -0.03132148 -0.06157625    0.11894556  0.04317908    0.02443466  0.04241719
  0.11910449  0.04437423   -0.03163996 -0.05480202   -0.02112304  0.12533463
  0.02451703  0.04236963   -0.02207860  0.12459942   -0.03766586 -0.05791333
    2    2
  0.28449443  0.00000000    0.00527343 -0.00062356    0.00407185 -0.01606768
  0.00527343  0.00062356    0.25593109  0.00000000    0.00527343 -0.00062356
  0.00407185  0.01606768    0.00527343  0.00062356    0.28449443  0.00000000

     Dynamical  Matrix in cartesian axes

     q = (   -0.833333333   0.500000000   0.166666667 ) 

    1    1
  0.28484422  0.00000000   -0.00489122 -0.00010983   -0.00369825 -0.01610927
 -0.00489122  0.00010983    0.25552967  0.00000000    0.00489122  0.00010983
 -0.00369825  0.01610927    0.00489122 -0.00010983    0.28484422  0.00000000
    1    2
  0.06898734 -0.00366293    0.09798145  0.08096040    0.04895169  0.00004756
  0.09686696  0.08142034    0.06327992  0.00000000   -0.09686696  0.08142034
  0.04895169 -0.00004756   -0.09798145  0.08096040    0.06898734  0.00366293
    2    1
  0.06898734  0.00366293    0.09686696 -0.08142034    0.04895169  0.00004756
  0.09798145 -0.08096040    0.06327992 -0.00000000   -0.09798145 -0.08096040
  0.04895169 -0.00004756   -0.09686696 -0.08142034    0.06898734 -0.00366293
    2    2
  0.28449443  0.00000000   -0.00527343  0.00062356   -0.00407185  0.01606768
 -0.00527343 -0.00062356    0.25593109  0.00000000    0.00527343 -0.00062356
 -0.00407185 -0.01606768    0.00527343  0.00062356    0.28449443  0.00000000

     Dynamical  Matrix in cartesian axes

     q = (    0.500000000  -0.833333333   0.166666667 ) 

    1    1
  0.25552967  0.00000000   -0.00489122  0.00010983    0.00489122  0.00010983
 -0.00489122 -0.00010983    0.28484422  0.00000000   -0.00369825 -0.01610927
  0.00489122 -0.00010983   -0.00369825  0.01610927    0.28484422  0.00000000
    1    2
 -0.03163996 -0.05480202    0.02207860 -0.12459942    0.11894556  0.04317908
  0.02112304 -0.12533463   -0.03766586 -0.05791333   -0.02443466 -0.04241719
  0.11910449  0.04437423   -0.02451703 -0.04236963   -0.03132148 -0.06157625
    2    1
 -0.03163996  0.05480202    0.02112304  0.12533463    0.11910449 -0.04437423
  0.02207860  0.12459942   -0.03766586  0.05791333   -0.02451703  0.04236963
  0.11894556 -0.04317908   -0.02443466  0.04241719   -0.03132148  0.06157625
    2    2
  0.25593109  0.00000000   -0.00527343 -0.00062356    0.00527343 -0.00062356
 -0.00527343  0.00062356    0.28449443  0.00000000   -0.00407185  0.01606768
  0.00527343  0.00062356   -0.00407185 -0.01606768    0.28449443  0.00000000

     Dynamical  Matrix in cartesian axes

     q = (   -0.166666667   0.500000000   0.833333333 ) 

    1    1
  0.28484422  0.00000000   -0.00489122  0.00010983   -0.00369825  0.01610927
 -0.00489122 -0.00010983    0.25552967  0.00000000    0.00489122 -0.00010983
 -0.00369825 -0.01610927    0.00489122  0.00010983    0.28484422  0.00000000
    1    2
  0.06898734  0.00366293    0.09798145 -0.08096040    0.04895169 -0.00004756
  0.09686696 -0.08142034    0.06327992  0.00000000   -0.09686696 -0.08142034
  0.04895169  0.00004756   -0.09798145 -0.08096040    0.06898734 -0.00366293
    2    1
  0.06898734 -0.00366293    0.09686696  0.08142034    0.04895169 -0.00004756
  0.09798145  0.08096040    0.06327992 -0.00000000   -0.09798145  0.08096040
  0.04895169  0.00004756   -0.09686696  0.08142034    0.06898734  0.00366293
    2    2
  0.28449443  0.00000000   -0.00527343 -0.00062356   -0.00407185 -0.01606768
 -0.00527343  0.00062356    0.25593109  0.00000000    0.00527343  0.00062356
 -0.00407185  0.01606768    0.00527343 -0.00062356    0.28449443  0.00000000

     Dynamical  Matrix in cartesian axes

     q = (    0.166666667   0.500000000  -0.833333333 ) 

    1    1
  0.28484422  0.00000000    0.00489122 -0.00010983   -0.00369825  0.01610927
  0.00489122  0.00010983    0.25552967  0.00000000   -0.00489122  0.00010983
 -0.00369825 -0.01610927   -0.00489122 -0.00010983    0.28484422  0.00000000
    1    2
 -0.06898734 -0.00366293    0.09798145 -0.08096040   -0.04895169  0.00004756
  0.09686696 -0.08142034   -0.06327992 -0.00000000   -0.09686696 -0.08142034
 -0.04895169 -0.00004756   -0.09798145 -0.08096040   -0.06898734  0.00366293
    2    1
 -0.06898734  0.00366293    0.09686696  0.08142034   -0.04895169  0.00004756
  0.09798145  0.08096040   -0.06327992  0.00000000   -0.09798145  0.08096040
 -0.04895169 -0.00004756   -0.09686696  0.08142034   -0.06898734 -0.00366293
    2    2
  0.28449443  0.00000000    0.00527343  0.00062356   -0.00407185 -0.01606768
  0.00527343 -0.00062356    0.25593109  0.00000000   -0.00527343 -0.00062356
 -0.00407185  0.01606768   -0.00527343  0.00062356    0.28449443  0.00000000

     Dynamical  Matrix in cartesian axes

     q = (   -0.166666667  -0.500000000  -0.833333333 ) 

    1    1
  0.28484422  0.00000000    0.00489122 -0.00010983    0.00369825 -0.01610927
  0.00489122  0.00010983    0.25552967  0.00000000    0.00489122 -0.00010983
  0.00369825  0.01610927    0.00489122  0.00010983    0.28484422  0.00000000
    1    2
 -0.03132148 -0.06157625    0.11910449  0.04437423    0.02451703  0.04236963
  0.11894556  0.04317908   -0.03163996 -0.05480202   -0.02207860  0.12459942
  0.02443466  0.04241719   -0.02112304  0.12533463   -0.03766586 -0.05791333
    2    1
 -0.03132148  0.06157625    0.11894556 -0.04317908    0.02443466 -0.04241719
  0.11910449 -0.04437423   -0.03163996  0.05480202   -0.02112304 -0.12533463
  0.02451703 -0.04236963   -0.02207860 -0.12459942   -0.03766586  0.05791333
    2    2
  0.28449443  0.00000000    0.00527343  0.00062356    0.00407185  0.01606768
  0.00527343 -0.00062356    0.25593109  0.00000000    0.00527343  0.00062356
  0.00407185 -0.01606768    0.00527343 -0.00062356    0.28449443  0.00000000

     Dynamical  Matrix in cartesian axes

     q = (    0.166666667  -0.500000000   0.833333333 ) 

    1    1
  0.28484422  0.00000000   -0.00489122  0.00010983    0.00369825 -0.01610927
 -0.00489122 -0.00010983    0.25552967  0.00000000   -0.00489122  0.00010983
  0.00369825  0.01610927   -0.00489122 -0.00010983    0.28484422  0.00000000
    1    2
 -0.03766586  0.05791333    0.02112304  0.12533463    0.02443466 -0.04241719
  0.02207860  0.12459942   -0.03163996  0.05480202   -0.11894556  0.04317908
  0.02451703 -0.04236963   -0.11910449  0.04437423   -0.03132148  0.06157625
    2    1
 -0.03766586 -0.05791333    0.02207860 -0.12459942    0.02451703  0.04236963
  0.02112304 -0.12533463   -0.03163996 -0.05480202   -0.11910449 -0.04437423
  0.02443466  0.04241719   -0.11894556 -0.04317908   -0.03132148 -0.06157625
    2    2
  0.28449443  0.00000000   -0.00527343 -0.00062356    0.00407185  0.01606768
 -0.00527343  0.00062356    0.25593109  0.00000000   -0.00527343 -0.00062356
  0.00407185 -0.01606768   -0.00527343  0.00062356    0.28449443  0.00000000

     Dynamical  Matrix in cartesian axes

     q = (   -0.166666667   0.833333333   0.500000000 ) 

    1    1
  0.28484422  0.00000000   -0.00369825  0.01610927   -0.00489122  0.00010983
 -0.00369825 -0.01610927    0.28484422  0.00000000    0.00489122  0.00010983
 -0.00489122 -0.00010983    0.00489122 -0.00010983    0.25552967  0.00000000
    1    2
  0.06898734  0.00366293    0.04895169 -0.00004756    0.09798145 -0.08096040
  0.04895169  0.00004756    0.06898734 -0.00366293   -0.09798145 -0.08096040
  0.09686696 -0.08142034   -0.09686696 -0.08142034    0.06327992  0.00000000
    2    1
  0.06898734 -0.00366293    0.04895169 -0.00004756    0.09686696  0.08142034
  0.04895169  0.00004756    0.06898734  0.00366293   -0.09686696  0.08142034
  0.09798145  0.08096040   -0.09798145  0.08096040    0.06327992 -0.00000000
    2    2
  0.28449443  0.00000000   -0.00407185 -0.01606768   -0.00527343 -0.00062356
 -0.00407185  0.01606768    0.28449443  0.00000000    0.00527343 -0.00062356
 -0.00527343  0.00062356    0.00527343  0.00062356    0.25593109  0.00000000

     Dynamical  Matrix in cartesian axes

     q = (   -0.166666667  -0.833333333  -0.500000000 ) 

    1    1
  0.28484422  0.00000000    0.00369825 -0.01610927    0.00489122 -0.00010983
  0.00369825  0.01610927    0.28484422  0.00000000    0.00489122  0.00010983
  0.00489122  0.00010983    0.00489122 -0.00010983    0.25552967  0.00000000
    1    2
 -0.03132148 -0.06157625    0.02451703  0.04236963    0.11910449  0.04437423
  0.02443466  0.04241719   -0.03766586 -0.05791333   -0.02112304  0.12533463
  0.11894556  0.04317908   -0.02207860  0.12459942   -0.03163996 -0.05480202
    2    1
 -0.03132148  0.06157625    0.02443466 -0.04241719    0.11894556 -0.04317908
  0.02451703 -0.04236963   -0.03766586  0.05791333   -0.02207860 -0.12459942
  0.11910449 -0.04437423   -0.02112304 -0.12533463   -0.03163996  0.05480202
    2    2
  0.28449443  0.00000000    0.00407185  0.01606768    0.00527343  0.00062356
  0.00407185 -0.01606768    0.28449443  0.00000000    0.00527343 -0.00062356
  0.00527343 -0.00062356    0.00527343  0.00062356    0.25593109  0.00000000

     Dynamical  Matrix in cartesian axes

     q = (    0.166666667  -0.833333333   0.500000000 ) 

    1    1
  0.28484422  0.00000000   -0.00369825  0.01610927    0.00489122 -0.00010983
 -0.00369825 -0.01610927    0.28484422  0.00000000   -0.00489122 -0.00010983
  0.00489122  0.00010983   -0.00489122  0.00010983    0.25552967  0.00000000
    1    2
 -0.06898734 -0.00366293   -0.04895169  0.00004756    0.09798145 -0.08096040
 -0.04895169 -0.00004756   -0.06898734  0.00366293   -0.09798145 -0.08096040
  0.09686696 -0.08142034   -0.09686696 -0.08142034   -0.06327992 -0.00000000
    2    1
 -0.06898734  0.00366293   -0.04895169  0.00004756    0.09686696  0.08142034
 -0.04895169 -0.00004756   -0.06898734 -0.00366293   -0.09686696  0.08142034
  0.09798145  0.08096040   -0.09798145  0.08096040   -0.06327992  0.00000000
    2    2
  0.28449443  0.00000000   -0.00407185 -0.01606768    0.00527343  0.00062356
 -0.00407185  0.01606768    0.28449443  0.00000000   -0.00527343  0.00062356
  0.00527343 -0.00062356   -0.00527343 -0.00062356    0.25593109  0.00000000

     Dynamical  Matrix in cartesian axes

     q = (    0.166666667   0.833333333  -0.500000000 ) 

    1    1
  0.28484422  0.00000000    0.00369825 -0.01610927   -0.00489122  0.00010983
  0.00369825  0.01610927    0.28484422  0.00000000   -0.00489122 -0.00010983
 -0.00489122 -0.00010983   -0.00489122  0.00010983    0.25552967  0.00000000
    1    2
 -0.03766586  0.05791333    0.02443466 -0.04241719    0.02112304  0.12533463
  0.02451703 -0.04236963   -0.03132148  0.06157625   -0.11910449  0.04437423
  0.02207860  0.12459942   -0.11894556  0.04317908   -0.03163996  0.05480202
    2    1
 -0.03766586 -0.05791333    0.02451703  0.04236963    0.02207860 -0.12459942
  0.02443466  0.04241719   -0.03132148 -0.06157625   -0.11894556 -0.04317908
  0.02112304 -0.12533463   -0.11910449 -0.04437423   -0.03163996 -0.05480202
    2    2
  0.28449443 -0.00000000    0.00407185  0.01606768   -0.00527343 -0.00062356
  0.00407185 -0.01606768    0.28449443  0.00000000   -0.00527343  0.00062356
 -0.00527343  0.00062356   -0.00527343 -0.00062356    0.25593109  0.00000000

     Dynamical  Matrix in cartesian axes

     q = (    0.500000000   0.833333333  -0.166666667 ) 

    1    1
  0.25552967  0.00000000    0.00489122 -0.00010983   -0.00489122 -0.00010983
  0.00489122  0.00010983    0.28484422  0.00000000   -0.00369825 -0.01610927
 -0.00489122  0.00010983   -0.00369825  0.01610927    0.28484422  0.00000000
    1    2
 -0.03163996  0.05480202    0.11894556 -0.04317908    0.02207860  0.12459942
  0.11910449 -0.04437423   -0.03132148  0.06157625   -0.02451703  0.04236963
  0.02112304  0.12533463   -0.02443466  0.04241719   -0.03766586  0.05791333
    2    1
 -0.03163996 -0.05480202    0.11910449  0.04437423    0.02112304 -0.12533463
  0.11894556  0.04317908   -0.03132148 -0.06157625   -0.02443466 -0.04241719
  0.02207860 -0.12459942   -0.02451703 -0.04236963   -0.03766586 -0.05791333
    2    2
  0.25593109  0.00000000    0.00527343  0.00062356   -0.00527343  0.00062356
  0.00527343 -0.00062356    0.28449443  0.00000000   -0.00407185  0.01606768
 -0.00527343 -0.00062356   -0.00407185 -0.01606768    0.28449443  0.00000000

     Dynamical  Matrix in cartesian axes

     q = (   -0.500000000  -0.833333333  -0.166666667 ) 

    1    1
  0.25552967  0.00000000    0.00489122 -0.00010983    0.00489122  0.00010983
  0.00489122  0.00010983    0.28484422  0.00000000    0.00369825  0.01610927
  0.00489122 -0.00010983    0.00369825 -0.01610927    0.28484422  0.00000000
    1    2
 -0.06327992 -0.00000000    0.09686696  0.08142034    0.09686696 -0.08142034
  0.09798145  0.08096040   -0.06898734  0.00366293    0.04895169  0.00004756
  0.09798145 -0.08096040    0.04895169 -0.00004756   -0.06898734 -0.00366293
    2    1
 -0.06327992  0.00000000    0.09798145 -0.08096040    0.09798145  0.08096040
  0.09686696 -0.08142034   -0.06898734 -0.00366293    0.04895169  0.00004756
  0.09686696  0.08142034    0.04895169 -0.00004756   -0.06898734  0.00366293
    2    2
  0.25593109  0.00000000    0.00527343  0.00062356    0.00527343 -0.00062356
  0.00527343 -0.00062356    0.28449443  0.00000000    0.00407185 -0.01606768
  0.00527343  0.00062356    0.00407185  0.01606768    0.28449443  0.00000000

     Dynamical  Matrix in cartesian axes

     q = (   -0.500000000   0.833333333   0.166666667 ) 

    1    1
  0.25552967  0.00000000   -0.00489122  0.00010983   -0.00489122 -0.00010983
 -0.00489122 -0.00010983    0.28484422  0.00000000    0.00369825  0.01610927
 -0.00489122  0.00010983    0.00369825 -0.01610927    0.28484422  0.00000000
    1    2
  0.06327992  0.00000000    0.09686696  0.08142034    0.09686696 -0.08142034
  0.09798145  0.08096040    0.06898734 -0.00366293   -0.04895169 -0.00004756
  0.09798145 -0.08096040   -0.04895169  0.00004756    0.06898734  0.00366293
    2    1
  0.06327992 -0.00000000    0.09798145 -0.08096040    0.09798145  0.08096040
  0.09686696 -0.08142034    0.06898734  0.00366293   -0.04895169 -0.00004756
  0.09686696  0.08142034   -0.04895169  0.00004756    0.06898734 -0.00366293
    2    2
  0.25593109  0.00000000   -0.00527343 -0.00062356   -0.00527343  0.00062356
 -0.00527343  0.00062356    0.28449443  0.00000000    0.00407185 -0.01606768
 -0.00527343 -0.00062356    0.00407185  0.01606768    0.28449443  0.00000000

     Diagonalizing the dynamical matrix

     q = (    0.500000000  -0.166666667   0.833333333 ) 

 **************************************************************************
     freq (    1) =       5.064183 [THz] =     168.922964 [cm-1]
 ( -0.468324  0.326684 -0.154382  0.251108  0.288975 -0.058160 ) 
 ( -0.515382 -0.241444 -0.190011 -0.228090  0.296865  0.000000 ) 
     freq (    2) =       6.093892 [THz] =     203.270357 [cm-1]
 ( -0.377508 -0.072454  0.214767 -0.360347 -0.066101 -0.414254 ) 
 (  0.127964  0.368799  0.327440 -0.258328  0.417073  0.000000 ) 
     freq (    3) =       9.857682 [THz] =     328.816876 [cm-1]
 ( -0.028727 -0.281959 -0.231253  0.395548 -0.306272 -0.340784 ) 
 ( -0.225130  0.162472  0.144852 -0.436323 -0.459739  0.000000 ) 
     freq (    4) =      11.521794 [THz] =     384.325669 [cm-1]
 ( -0.033681 -0.219450 -0.241506  0.408814 -0.352992 -0.317570 ) 
 (  0.172015 -0.137937 -0.103195  0.463619  0.474965  0.000000 ) 
     freq (    5) =      14.138083 [THz] =     471.595679 [cm-1]
 (  0.454289 -0.283431  0.182667 -0.267173 -0.320275  0.046613 ) 
 ( -0.445825 -0.237448 -0.196762 -0.292591  0.352597  0.000000 ) 
     freq (    6) =      14.320979 [THz] =     477.696444 [cm-1]
 (  0.330931  0.018506 -0.237359  0.375043  0.194065  0.399169 ) 
 (  0.170413  0.337371  0.249416 -0.338284  0.420291  0.000000 ) 
 **************************************************************************
