Dynamical matrix file
                                                                           
  1    2  2 10.1822800  0.0000000  0.0000000  0.0000000  0.0000000  0.0000000
           1  'Si  '    25598.3672624059     
    1    1      0.0000000000      0.0000000000      0.0000000000
    2    1     -0.2500000000      0.2500000000      0.2500000000

     Dynamical  Matrix in cartesian axes

     q = (    0.666666667   0.000000000   0.666666667 ) 

    1    1
  0.26250365  0.00000000    0.00000000 -0.00867148    0.00843668  0.00000000
  0.00000000  0.00867148    0.30688377  0.00000000    0.00000000  0.00867148
  0.00843668  0.00000000    0.00000000 -0.00867148    0.26250365  0.00000000
    1    2
 -0.06285809  0.00000000   -0.00000000  0.08174426    0.14805357  0.00000000
  0.00000000  0.08170112   -0.08553994  0.00000000    0.00000000  0.08170112
  0.14805357  0.00000000   -0.00000000  0.08174426   -0.06285809  0.00000000
    2    1
 -0.06285809  0.00000000    0.00000000 -0.08170112    0.14805357  0.00000000
  0.00000000 -0.08174426   -0.08553994  0.00000000    0.00000000 -0.08174426
  0.14805357  0.00000000    0.00000000 -0.08170112   -0.06285809  0.00000000
    2    2
  0.26237751  0.00000000    0.00000000  0.00864362    0.00839509  0.00000000
  0.00000000 -0.00864362    0.30686596  0.00000000    0.00000000 -0.00864362
  0.00839509  0.00000000    0.00000000  0.00864362    0.26237751  0.00000000

     Dynamical  Matrix in cartesian axes

     q = (   -0.666666667   0.000000000  -0.666666667 ) 

    1    1
  0.26250365  0.00000000    0.00000000  0.00867148    0.00843668  0.00000000
  0.00000000 -0.00867148    0.30688377  0.00000000    0.00000000 -0.00867148
  0.00843668  0.00000000    0.00000000  0.00867148    0.26250365  0.00000000
    1    2
 -0.06285809  0.00000000    0.00000000 -0.08174426    0.14805357  0.00000000
 -0.00000000 -0.08170112   -0.08553994  0.00000000   -0.00000000 -0.08170112
  0.14805357  0.00000000    0.00000000 -0.08174426   -0.06285809  0.00000000
    2    1
 -0.06285809  0.00000000    0.00000000  0.08170112    0.14805357  0.00000000
  0.00000000  0.08174426   -0.08553994  0.00000000    0.00000000  0.08174426
  0.14805357  0.00000000    0.00000000  0.08170112   -0.06285809  0.00000000
    2    2
  0.26237751  0.00000000    0.00000000 -0.00864362    0.00839509  0.00000000
  0.00000000  0.00864362    0.30686596  0.00000000    0.00000000  0.00864362
  0.00839509  0.00000000    0.00000000 -0.00864362    0.26237751  0.00000000

     Dynamical  Matrix in cartesian axes

     q = (    0.000000000  -0.666666667   0.666666667 ) 

    1    1
  0.30688377  0.00000000    0.00000000  0.00867148    0.00000000 -0.00867148
  0.00000000 -0.00867148    0.26250365  0.00000000   -0.00843668  0.00000000
  0.00000000  0.00867148   -0.00843668  0.00000000    0.26250365  0.00000000
    1    2
 -0.08553994  0.00000000    0.00000000  0.08170112   -0.00000000 -0.08170112
 -0.00000000  0.08174426   -0.06285809  0.00000000   -0.14805357  0.00000000
  0.00000000 -0.08174426   -0.14805357  0.00000000   -0.06285809  0.00000000
    2    1
 -0.08553994  0.00000000    0.00000000 -0.08174426    0.00000000  0.08174426
  0.00000000 -0.08170112   -0.06285809  0.00000000   -0.14805357  0.00000000
  0.00000000  0.08170112   -0.14805357  0.00000000   -0.06285809  0.00000000
    2    2
  0.30686596  0.00000000    0.00000000 -0.00864362    0.00000000  0.00864362
  0.00000000  0.00864362    0.26237751  0.00000000   -0.00839509  0.00000000
  0.00000000 -0.00864362   -0.00839509  0.00000000    0.26237751  0.00000000

     Dynamical  Matrix in cartesian axes

     q = (   -0.666666667   0.000000000   0.666666667 ) 

    1    1
  0.26250365  0.00000000    0.00000000 -0.00867148   -0.00843668  0.00000000
  0.00000000  0.00867148    0.30688377  0.00000000    0.00000000 -0.00867148
 -0.00843668  0.00000000    0.00000000  0.00867148    0.26250365  0.00000000
    1    2
  0.03142905  0.05443671    0.07079260 -0.04087213    0.07402679  0.12821816
  0.07075525 -0.04085056    0.04276997  0.07407976   -0.07075525  0.04085056
  0.07402679  0.12821816   -0.07079260  0.04087213    0.03142905  0.05443671
    2    1
  0.03142905 -0.05443671    0.07075525  0.04085056    0.07402679 -0.12821816
  0.07079260  0.04087213    0.04276997 -0.07407976   -0.07079260 -0.04087213
  0.07402679 -0.12821816   -0.07075525 -0.04085056    0.03142905 -0.05443671
    2    2
  0.26237751  0.00000000    0.00000000  0.00864362   -0.00839509  0.00000000
  0.00000000 -0.00864362    0.30686596  0.00000000    0.00000000  0.00864362
 -0.00839509  0.00000000    0.00000000 -0.00864362    0.26237751  0.00000000

     Dynamical  Matrix in cartesian axes

     q = (    0.666666667   0.000000000  -0.666666667 ) 

    1    1
  0.26250365  0.00000000    0.00000000  0.00867148   -0.00843668  0.00000000
  0.00000000 -0.00867148    0.30688377  0.00000000    0.00000000  0.00867148
 -0.00843668  0.00000000    0.00000000 -0.00867148    0.26250365  0.00000000
    1    2
  0.03142905 -0.05443671    0.07079260  0.04087213    0.07402679 -0.12821816
  0.07075525  0.04085056    0.04276997 -0.07407976   -0.07075525 -0.04085056
  0.07402679 -0.12821816   -0.07079260 -0.04087213    0.03142905 -0.05443671
    2    1
  0.03142905  0.05443671    0.07075525 -0.04085056    0.07402679  0.12821816
  0.07079260 -0.04087213    0.04276997  0.07407976   -0.07079260  0.04087213
  0.07402679  0.12821816   -0.07075525  0.04085056    0.03142905  0.05443671
    2    2
  0.26237751  0.00000000   -0.00000000 -0.00864362   -0.00839509  0.00000000
  0.00000000  0.00864362    0.30686596  0.00000000    0.00000000 -0.00864362
 -0.00839509  0.00000000    0.00000000  0.00864362    0.26237751  0.00000000

     Dynamical  Matrix in cartesian axes

     q = (    0.666666667   0.666666667   0.000000000 ) 

    1    1
  0.26250365  0.00000000    0.00843668  0.00000000    0.00000000 -0.00867148
  0.00843668  0.00000000    0.26250365  0.00000000    0.00000000 -0.00867148
  0.00000000  0.00867148    0.00000000  0.00867148    0.30688377  0.00000000
    1    2
 -0.06285809  0.00000000    0.14805357  0.00000000   -0.00000000  0.08174426
  0.14805357  0.00000000   -0.06285809  0.00000000   -0.00000000  0.08174426
  0.00000000  0.08170112    0.00000000  0.08170112   -0.08553994  0.00000000
    2    1
 -0.06285809  0.00000000    0.14805357  0.00000000    0.00000000 -0.08170112
  0.14805357  0.00000000   -0.06285809  0.00000000    0.00000000 -0.08170112
  0.00000000 -0.08174426    0.00000000 -0.08174426   -0.08553994  0.00000000
    2    2
  0.26237751  0.00000000    0.00839509  0.00000000    0.00000000  0.00864362
  0.00839509  0.00000000    0.26237751  0.00000000    0.00000000  0.00864362
  0.00000000 -0.00864362    0.00000000 -0.00864362    0.30686596  0.00000000

     Dynamical  Matrix in cartesian axes

     q = (    0.666666667  -0.666666667   0.000000000 ) 

    1    1
  0.26250365  0.00000000   -0.00843668  0.00000000    0.00000000  0.00867148
 -0.00843668  0.00000000    0.26250365  0.00000000    0.00000000 -0.00867148
  0.00000000 -0.00867148    0.00000000  0.00867148    0.30688377  0.00000000
    1    2
  0.03142905 -0.05443671    0.07402679 -0.12821816    0.07079260  0.04087213
  0.07402679 -0.12821816    0.03142905 -0.05443671   -0.07079260 -0.04087213
  0.07075525  0.04085056   -0.07075525 -0.04085056    0.04276997 -0.07407976
    2    1
  0.03142905  0.05443671    0.07402679  0.12821816    0.07075525 -0.04085056
  0.07402679  0.12821816    0.03142905  0.05443671   -0.07075525  0.04085056
  0.07079260 -0.04087213   -0.07079260  0.04087213    0.04276997  0.07407976
    2    2
  0.26237751  0.00000000   -0.00839509  0.00000000   -0.00000000 -0.00864362
 -0.00839509  0.00000000    0.26237751  0.00000000    0.00000000  0.00864362
  0.00000000  0.00864362    0.00000000 -0.00864362    0.30686596  0.00000000

     Dynamical  Matrix in cartesian axes

     q = (   -0.666666667  -0.666666667   0.000000000 ) 

    1    1
  0.26250365  0.00000000    0.00843668  0.00000000    0.00000000  0.00867148
  0.00843668  0.00000000    0.26250365  0.00000000    0.00000000  0.00867148
  0.00000000 -0.00867148    0.00000000 -0.00867148    0.30688377  0.00000000
    1    2
 -0.06285809  0.00000000    0.14805357  0.00000000    0.00000000 -0.08174426
  0.14805357  0.00000000   -0.06285809  0.00000000    0.00000000 -0.08174426
  0.00000000 -0.08170112    0.00000000 -0.08170112   -0.08553994  0.00000000
    2    1
 -0.06285809  0.00000000    0.14805357  0.00000000    0.00000000  0.08170112
  0.14805357  0.00000000   -0.06285809  0.00000000    0.00000000  0.08170112
  0.00000000  0.08174426    0.00000000  0.08174426   -0.08553994  0.00000000
    2    2
  0.26237751  0.00000000    0.00839509  0.00000000    0.00000000 -0.00864362
  0.00839509  0.00000000    0.26237751  0.00000000    0.00000000 -0.00864362
  0.00000000  0.00864362    0.00000000  0.00864362    0.30686596  0.00000000

     Dynamical  Matrix in cartesian axes

     q = (   -0.666666667   0.666666667   0.000000000 ) 

    1    1
  0.26250365  0.00000000   -0.00843668  0.00000000    0.00000000 -0.00867148
 -0.00843668  0.00000000    0.26250365  0.00000000    0.00000000  0.00867148
  0.00000000  0.00867148    0.00000000 -0.00867148    0.30688377  0.00000000
    1    2
  0.03142905  0.05443671    0.07402679  0.12821816    0.07079260 -0.04087213
  0.07402679  0.12821816    0.03142905  0.05443671   -0.07079260  0.04087213
  0.07075525 -0.04085056   -0.07075525  0.04085056    0.04276997  0.07407976
    2    1
  0.03142905 -0.05443671    0.07402679 -0.12821816    0.07075525  0.04085056
  0.07402679 -0.12821816    0.03142905 -0.05443671   -0.07075525 -0.04085056
  0.07079260  0.04087213   -0.07079260 -0.04087213    0.04276997 -0.07407976
    2    2
  0.26237751  0.00000000   -0.00839509  0.00000000    0.00000000  0.00864362
 -0.00839509  0.00000000    0.26237751  0.00000000    0.00000000 -0.00864362
  0.00000000 -0.00864362    0.00000000  0.00864362    0.30686596  0.00000000

     Dynamical  Matrix in cartesian axes

     q = (    0.000000000   0.666666667   0.666666667 ) 

    1    1
  0.30688377  0.00000000    0.00000000  0.00867148    0.00000000  0.00867148
  0.00000000 -0.00867148    0.26250365  0.00000000    0.00843668  0.00000000
  0.00000000 -0.00867148    0.00843668  0.00000000    0.26250365  0.00000000
    1    2
  0.04276997  0.07407976    0.07075525 -0.04085056    0.07075525 -0.04085056
  0.07079260 -0.04087213    0.03142905  0.05443671   -0.07402679 -0.12821816
  0.07079260 -0.04087213   -0.07402679 -0.12821816    0.03142905  0.05443671
    2    1
  0.04276997 -0.07407976    0.07079260  0.04087213    0.07079260  0.04087213
  0.07075525  0.04085056    0.03142905 -0.05443671   -0.07402679  0.12821816
  0.07075525  0.04085056   -0.07402679  0.12821816    0.03142905 -0.05443671
    2    2
  0.30686596  0.00000000    0.00000000 -0.00864362    0.00000000 -0.00864362
  0.00000000  0.00864362    0.26237751  0.00000000    0.00839509  0.00000000
  0.00000000  0.00864362    0.00839509  0.00000000    0.26237751  0.00000000

     Dynamical  Matrix in cartesian axes

     q = (    0.000000000   0.666666667  -0.666666667 ) 

    1    1
  0.30688377  0.00000000    0.00000000 -0.00867148    0.00000000  0.00867148
  0.00000000  0.00867148    0.26250365  0.00000000   -0.00843668  0.00000000
  0.00000000 -0.00867148   -0.00843668  0.00000000    0.26250365  0.00000000
    1    2
 -0.08553994  0.00000000   -0.00000000 -0.08170112    0.00000000  0.08170112
  0.00000000 -0.08174426   -0.06285809  0.00000000   -0.14805357  0.00000000
 -0.00000000  0.08174426   -0.14805357  0.00000000   -0.06285809  0.00000000
    2    1
 -0.08553994  0.00000000    0.00000000  0.08174426    0.00000000 -0.08174426
  0.00000000  0.08170112   -0.06285809  0.00000000   -0.14805357  0.00000000
  0.00000000 -0.08170112   -0.14805357  0.00000000   -0.06285809  0.00000000
    2    2
  0.30686596  0.00000000    0.00000000  0.00864362    0.00000000 -0.00864362
  0.00000000 -0.00864362    0.26237751  0.00000000   -0.00839509  0.00000000
  0.00000000  0.00864362   -0.00839509  0.00000000    0.26237751  0.00000000

     Dynamical  Matrix in cartesian axes

     q = (    0.000000000  -0.666666667  -0.666666667 ) 

    1    1
  0.30688377  0.00000000    0.00000000 -0.00867148    0.00000000 -0.00867148
  0.00000000  0.00867148    0.26250365  0.00000000    0.00843668  0.00000000
  0.00000000  0.00867148    0.00843668  0.00000000    0.26250365  0.00000000
    1    2
  0.04276997 -0.07407976    0.07075525  0.04085056    0.07075525  0.04085056
  0.07079260  0.04087213    0.03142905 -0.05443671   -0.07402679  0.12821816
  0.07079260  0.04087213   -0.07402679  0.12821816    0.03142905 -0.05443671
    2    1
  0.04276997  0.07407976    0.07079260 -0.04087213    0.07079260 -0.04087213
  0.07075525 -0.04085056    0.03142905  0.05443671   -0.07402679 -0.12821816
  0.07075525 -0.04085056   -0.07402679 -0.12821816    0.03142905  0.05443671
    2    2
  0.30686596  0.00000000   -0.00000000  0.00864362   -0.00000000  0.00864362
 -0.00000000 -0.00864362    0.26237751  0.00000000    0.00839509  0.00000000
 -0.00000000 -0.00864362    0.00839509  0.00000000    0.26237751  0.00000000

     Diagonalizing the dynamical matrix

     q = (    0.666666667  -0.000000000   0.666666667 ) 

 **************************************************************************
     freq (    1) =       4.269462 [THz] =     142.413923 [cm-1]
 (  0.499950  0.000000  0.000000 -0.000000 -0.499950 -0.000000 ) 
 (  0.500050  0.000000 -0.000000 -0.000000 -0.500050  0.000000 ) 
     freq (    2) =       6.457961 [THz] =     215.414403 [cm-1]
 ( -0.382350 -0.000000  0.000000 -0.455444 -0.382350  0.000000 ) 
 (  0.382538 -0.000000 -0.000000 -0.455541  0.382538  0.000000 ) 
     freq (    3) =      10.180449 [THz] =     339.583215 [cm-1]
 ( -0.377512 -0.000000  0.000000  0.463154 -0.377512 -0.000000 ) 
 ( -0.377746 -0.000000  0.000000 -0.463761 -0.377746  0.000000 ) 
     freq (    4) =      11.418131 [THz] =     380.867856 [cm-1]
 (  0.322162  0.000000  0.000000 -0.541244  0.322162  0.000000 ) 
 ( -0.322002 -0.000000  0.000000 -0.540470 -0.322002  0.000000 ) 
     freq (    5) =      14.020570 [THz] =     467.675868 [cm-1]
 (  0.500050  0.000000  0.000000  0.000000 -0.500050 -0.000000 ) 
 ( -0.499950 -0.000000 -0.000000 -0.000000  0.499950  0.000000 ) 
     freq (    6) =      14.588087 [THz] =     486.606190 [cm-1]
 ( -0.327880  0.000000  0.000000 -0.533961 -0.327880 -0.000000 ) 
 ( -0.327548 -0.000000 -0.000000  0.534135 -0.327548  0.000000 ) 
 **************************************************************************
