Dynamical matrix file
                                                                           
  1    2  2 10.1822800  0.0000000  0.0000000  0.0000000  0.0000000  0.0000000
           1  'Si  '    25598.3672624059     
    1    1      0.0000000000      0.0000000000      0.0000000000
    2    1     -0.2500000000      0.2500000000      0.2500000000

     Dynamical  Matrix in cartesian axes

     q = (    0.000000000   0.666666667   0.000000000 ) 

    1    1
  0.25279799  0.00000000   -0.00000000  0.00000000    0.00000000  0.00000000
  0.00000000  0.00000000    0.34052886  0.00000000    0.00000000  0.00000000
  0.00000000  0.00000000    0.00000000  0.00000000    0.25279799  0.00000000
    1    2
 -0.06267168  0.10855054   -0.00000000  0.00000000    0.15046464  0.08687080
 -0.00000000  0.00000000   -0.06927917  0.11999505   -0.00000000  0.00000000
  0.15046464  0.08687080    0.00000000  0.00000000   -0.06267168  0.10855054
    2    1
 -0.06267168 -0.10855054    0.00000000 -0.00000000    0.15046464 -0.08687080
  0.00000000 -0.00000000   -0.06927917 -0.11999505    0.00000000 -0.00000000
  0.15046464 -0.08687080    0.00000000  0.00000000   -0.06267168 -0.10855054
    2    2
  0.25271377  0.00000000   -0.00000000  0.00000000   -0.00000000 -0.00000000
  0.00000000  0.00000000    0.34044508  0.00000000    0.00000000  0.00000000
  0.00000000 -0.00000000    0.00000000  0.00000000    0.25271377  0.00000000

     Dynamical  Matrix in cartesian axes

     q = (   -0.666666667   0.000000000   0.000000000 ) 

    1    1
  0.34052886  0.00000000   -0.00000000  0.00000000    0.00000000  0.00000000
  0.00000000  0.00000000    0.25279799  0.00000000   -0.00000000  0.00000000
  0.00000000  0.00000000   -0.00000000  0.00000000    0.25279799  0.00000000
    1    2
 -0.06927917  0.11999505   -0.00000000 -0.00000000    0.00000000  0.00000000
  0.00000000  0.00000000   -0.06267168  0.10855054   -0.15046464 -0.08687080
 -0.00000000  0.00000000   -0.15046464 -0.08687080   -0.06267168  0.10855054
    2    1
 -0.06927917 -0.11999505    0.00000000 -0.00000000    0.00000000  0.00000000
  0.00000000 -0.00000000   -0.06267168 -0.10855054   -0.15046464  0.08687080
 -0.00000000  0.00000000   -0.15046464  0.08687080   -0.06267168 -0.10855054
    2    2
  0.34044508  0.00000000    0.00000000  0.00000000   -0.00000000  0.00000000
 -0.00000000  0.00000000    0.25271377  0.00000000    0.00000000  0.00000000
  0.00000000  0.00000000    0.00000000  0.00000000    0.25271377  0.00000000

     Dynamical  Matrix in cartesian axes

     q = (    0.000000000  -0.666666667   0.000000000 ) 

    1    1
  0.25279799  0.00000000    0.00000000  0.00000000    0.00000000  0.00000000
 -0.00000000  0.00000000    0.34052886  0.00000000    0.00000000  0.00000000
  0.00000000  0.00000000   -0.00000000  0.00000000    0.25279799  0.00000000
    1    2
 -0.06267168 -0.10855054   -0.00000000 -0.00000000    0.15046464 -0.08687080
  0.00000000  0.00000000   -0.06927917 -0.11999505    0.00000000  0.00000000
  0.15046464 -0.08687080    0.00000000  0.00000000   -0.06267168 -0.10855054
    2    1
 -0.06267168  0.10855054   -0.00000000  0.00000000    0.15046464  0.08687080
 -0.00000000  0.00000000   -0.06927917  0.11999505    0.00000000  0.00000000
  0.15046464  0.08687080    0.00000000  0.00000000   -0.06267168  0.10855054
    2    2
  0.25271377  0.00000000   -0.00000000  0.00000000    0.00000000  0.00000000
  0.00000000  0.00000000    0.34044508  0.00000000    0.00000000  0.00000000
  0.00000000  0.00000000    0.00000000  0.00000000    0.25271377  0.00000000

     Dynamical  Matrix in cartesian axes

     q = (    0.000000000   0.000000000   0.666666667 ) 

    1    1
  0.25279799  0.00000000   -0.00000000  0.00000000   -0.00000000  0.00000000
 -0.00000000  0.00000000    0.25279799  0.00000000   -0.00000000  0.00000000
  0.00000000  0.00000000    0.00000000  0.00000000    0.34052886  0.00000000
    1    2
 -0.06267168  0.10855054    0.15046464  0.08687080    0.00000000 -0.00000000
  0.15046464  0.08687080   -0.06267168  0.10855054   -0.00000000 -0.00000000
  0.00000000  0.00000000    0.00000000  0.00000000   -0.06927917  0.11999505
    2    1
 -0.06267168 -0.10855054    0.15046464 -0.08687080    0.00000000 -0.00000000
  0.15046464 -0.08687080   -0.06267168 -0.10855054   -0.00000000  0.00000000
  0.00000000 -0.00000000    0.00000000 -0.00000000   -0.06927917 -0.11999505
    2    2
  0.25271377  0.00000000   -0.00000000 -0.00000000    0.00000000  0.00000000
  0.00000000 -0.00000000    0.25271377  0.00000000    0.00000000  0.00000000
 -0.00000000  0.00000000    0.00000000  0.00000000    0.34044508  0.00000000

     Dynamical  Matrix in cartesian axes

     q = (    0.000000000   0.000000000  -0.666666667 ) 

    1    1
  0.25279799  0.00000000   -0.00000000  0.00000000   -0.00000000  0.00000000
 -0.00000000  0.00000000    0.25279799  0.00000000   -0.00000000  0.00000000
 -0.00000000  0.00000000   -0.00000000  0.00000000    0.34052886  0.00000000
    1    2
 -0.06267168 -0.10855054    0.15046464 -0.08687080    0.00000000 -0.00000000
  0.15046464 -0.08687080   -0.06267168 -0.10855054   -0.00000000  0.00000000
  0.00000000 -0.00000000    0.00000000  0.00000000   -0.06927917 -0.11999505
    2    1
 -0.06267168  0.10855054    0.15046464  0.08687080    0.00000000 -0.00000000
  0.15046464  0.08687080   -0.06267168  0.10855054    0.00000000  0.00000000
 -0.00000000 -0.00000000    0.00000000  0.00000000   -0.06927917  0.11999505
    2    2
  0.25271377  0.00000000    0.00000000  0.00000000    0.00000000  0.00000000
 -0.00000000  0.00000000    0.25271377  0.00000000    0.00000000  0.00000000
  0.00000000  0.00000000    0.00000000  0.00000000    0.34044508  0.00000000

     Dynamical  Matrix in cartesian axes

     q = (    0.666666667   0.000000000   0.000000000 ) 

    1    1
  0.34052886  0.00000000    0.00000000  0.00000000   -0.00000000  0.00000000
  0.00000000  0.00000000    0.25279799  0.00000000    0.00000000  0.00000000
  0.00000000  0.00000000    0.00000000  0.00000000    0.25279799  0.00000000
    1    2
 -0.06927917 -0.11999505    0.00000000 -0.00000000    0.00000000 -0.00000000
 -0.00000000 -0.00000000   -0.06267168 -0.10855054   -0.15046464  0.08687080
 -0.00000000 -0.00000000   -0.15046464  0.08687080   -0.06267168 -0.10855054
    2    1
 -0.06927917  0.11999505   -0.00000000  0.00000000   -0.00000000  0.00000000
 -0.00000000  0.00000000   -0.06267168  0.10855054   -0.15046464 -0.08687080
 -0.00000000  0.00000000   -0.15046464 -0.08687080   -0.06267168  0.10855054
    2    2
  0.34044508  0.00000000    0.00000000  0.00000000    0.00000000  0.00000000
 -0.00000000  0.00000000    0.25271377  0.00000000    0.00000000 -0.00000000
  0.00000000  0.00000000   -0.00000000 -0.00000000    0.25271377  0.00000000

     Diagonalizing the dynamical matrix

     q = (    0.000000000   0.666666667   0.000000000 ) 

 **************************************************************************
     freq (    1) =       4.035625 [THz] =     134.613974 [cm-1]
 (  0.155486  0.327585  0.000000  0.000000  0.515054 -0.321144 ) 
 ( -0.352084  0.609131 -0.000000  0.000000  0.071370  0.000000 ) 
     freq (    2) =       4.035625 [THz] =     134.613974 [cm-1]
 ( -0.514895 -0.321399 -0.000000 -0.000000  0.155648 -0.327508 ) 
 (  0.035716 -0.061791 -0.000000 -0.000000  0.703566  0.000000 ) 
     freq (    3) =       9.239912 [THz] =     308.210291 [cm-1]
 (  0.000000 -0.000000  0.198839  0.678463 -0.000000  0.000000 ) 
 (  0.000000 -0.000000 -0.488294  0.511586  0.000000  0.000000 ) 
     freq (    4) =      14.051530 [THz] =     468.708583 [cm-1]
 (  0.333379  0.297451 -0.000000 -0.000000  0.375871 -0.399000 ) 
 (  0.155354 -0.688440 -0.000000  0.000000  0.042624  0.000000 ) 
     freq (    5) =      14.051530 [THz] =     468.708583 [cm-1]
 ( -0.477442 -0.269311 -0.000000  0.000000  0.229952 -0.383067 ) 
 (  0.009383 -0.041579  0.000000 -0.000000 -0.705751  0.000000 ) 
     freq (    6) =      14.231714 [THz] =     474.718876 [cm-1]
 ( -0.000000 -0.000000  0.190668 -0.681026 -0.000000 -0.000000 ) 
 ( -0.000000  0.000000 -0.684913  0.175337 -0.000000  0.000000 ) 
 **************************************************************************
